0 0.26318359375 0.69970703125 0.1201171875 0.1162109375
0 0.27685546875 0.60205078125 0.0693359375 0.0634765625
0 0.2802734375 0.86474609375 0.12109375 0.0947265625
0 0.2080078125 0.62353515625 0.064453125 0.0615234375
0 0.2275390625 0.568359375 0.115234375 0.0859375
0 0.03857421875 0.61962890625 0.0771484375 0.0712890625
0 0.15185546875 0.72509765625 0.0947265625 0.1103515625
0 0.92333984375 0.037109375 0.0810546875 0.07421875
0 0.64013671875 0.42724609375 0.1064453125 0.1103515625
0 0.53271484375 0.04541015625 0.1005859375 0.0908203125
0 0.03662109375 0.08642578125 0.0732421875 0.0869140625
0 0.142578125 0.62255859375 0.08203125 0.1064453125
0 0.03955078125 0.66943359375 0.0791015625 0.1025390625
0 0.81640625 0.49755859375 0.11328125 0.0947265625
0 0.53759765625 0.67041015625 0.1025390625 0.0927734375
0 0.89599609375 0.10205078125 0.0830078125 0.0966796875
0 0.0205078125 0.79296875 0.041015625 0.08203125
0 0.13671875 0.77294921875 0.126953125 0.0986328125
0 0.54736328125 0.29443359375 0.0712890625 0.0751953125
0 0.09423828125 0.341796875 0.0771484375 0.072265625
0 0.9736328125 0.02734375 0.05078125 0.0546875
0 0.46630859375 0.6513671875 0.0634765625 0.08984375
0 0.57568359375 0.689453125 0.0673828125 0.06640625
0 0.40771484375 0.421875 0.0693359375 0.12890625
0 0.8369140625 0.123046875 0.07421875 0.080078125
0 0.64208984375 0.8046875 0.1298828125 0.091796875
0 0.75537109375 0.03955078125 0.0673828125 0.0654296875
0 0.88037109375 0.47998046875 0.0439453125 0.0498046875
0 0.158203125 0.88427734375 0.078125 0.0849609375
0 0.60205078125 0.1162109375 0.1337890625 0.154296875
