0 0.576171875 0.4248046875 0.072265625 0.091796875
0 0.099609375 0.38525390625 0.078125 0.0849609375
0 0.6611328125 0.02685546875 0.083984375 0.0498046875
0 0.4619140625 0.44482421875 0.08984375 0.0791015625
0 0.4794921875 0.7138671875 0.095703125 0.10546875
0 0.41357421875 0.87353515625 0.0986328125 0.1533203125
0 0.71875 0.34228515625 0.087890625 0.1025390625
0 0.2578125 0.86865234375 0.158203125 0.1865234375
0 0.46240234375 0.04052734375 0.0771484375 0.0634765625
0 0.48681640625 0.1484375 0.1123046875 0.125
0 0.61083984375 0.55712890625 0.1142578125 0.1181640625
0 0.029296875 0.07080078125 0.05859375 0.1025390625
0 0.650390625 0.20654296875 0.0859375 0.1455078125
0 0.46923828125 0.3515625 0.1552734375 0.08984375
0 0.0810546875 0.57763671875 0.103515625 0.0966796875
0 0.75732421875 0.84375 0.1494140625 0.197265625
0 0.17578125 0.083984375 0.10546875 0.072265625
0 0.2177734375 0.6025390625 0.095703125 0.08984375
0 0.6591796875 0.7685546875 0.0859375 0.119140625
0 0.13037109375 0.7900390625 0.0693359375 0.06640625
0 0.10302734375 0.748046875 0.1689453125 0.134765625
