0 0.37744140625 0.1162109375 0.0849609375 0.095703125
0 0.798828125 0.27978515625 0.115234375 0.1123046875
0 0.72216796875 0.09619140625 0.0849609375 0.1376953125
0 0.1025390625 0.5712890625 0.10546875 0.16015625
0 0.53125 0.6357421875 0.130859375 0.10546875
0 0.6796875 0.50439453125 0.083984375 0.1396484375
0 0.3046875 0.95751953125 0.140625 0.0810546875
0 0.49462890625 0.8388671875 0.1474609375 0.11328125
0 0.30419921875 0.6337890625 0.1376953125 0.099609375
0 0.0869140625 0.93115234375 0.171875 0.1357421875
0 0.4521484375 0.0234375 0.099609375 0.046875
0 0.724609375 0.73779296875 0.130859375 0.1259765625
0 0.48876953125 0.72900390625 0.0888671875 0.0673828125
0 0.62158203125 0.68115234375 0.0908203125 0.1162109375
0 0.61279296875 0.49755859375 0.0869140625 0.1298828125
0 0.9873046875 0.57177734375 0.0234375 0.0908203125
0 0.3037109375 0.4423828125 0.103515625 0.0859375
0 0.16015625 0.95751953125 0.091796875 0.0791015625
0 0.03662109375 0.89453125 0.0732421875 0.09765625
0 0.63818359375 0.2978515625 0.1123046875 0.08203125
0 0.20556640625 0.4814453125 0.0771484375 0.107421875
0 0.533203125 0.45263671875 0.099609375 0.1298828125
0 0.74365234375 0.92578125 0.1337890625 0.146484375
0 0.66162109375 0.587890625 0.0888671875 0.083984375
