0 0.94873046875 0.50048828125 0.1005859375 0.0966796875
0 0.02685546875 0.97216796875 0.0537109375 0.0537109375
0 0.263671875 0.97509765625 0.115234375 0.0478515625
0 0.9814453125 0.18505859375 0.03515625 0.1103515625
0 0.5009765625 0.412109375 0.072265625 0.12109375
0 0.4033203125 0.47900390625 0.091796875 0.0908203125
0 0.046875 0.8935546875 0.09375 0.16796875
0 0.61279296875 0.63134765625 0.1025390625 0.1064453125
0 0.0849609375 0.51513671875 0.11328125 0.1142578125
0 0.69384765625 0.01904296875 0.0888671875 0.0380859375
0 0.0595703125 0.16748046875 0.119140625 0.1865234375
0 0.6923828125 0.5107421875 0.22265625 0.123046875
0 0.64208984375 0.958984375 0.0849609375 0.080078125
0 0.880859375 0.10791015625 0.123046875 0.1103515625
0 0.9677734375 0.7314453125 0.0625 0.134765625
0 0.82861328125 0.41357421875 0.1142578125 0.1494140625
