0 0.68701171875 0.25341796875 0.1005859375 0.0888671875
0 0.75 0.9326171875 0.083984375 0.083984375
0 0.01953125 0.9384765625 0.0390625 0.06640625
0 0.77099609375 0.1845703125 0.0888671875 0.0859375
0 0.861328125 0.23388671875 0.103515625 0.0751953125
0 0.14013671875 0.80615234375 0.0771484375 0.1337890625
0 0.88671875 0.29443359375 0.08984375 0.0732421875
0 0.046875 0.11767578125 0.09375 0.0888671875
0 0.13427734375 0.49462890625 0.1162109375 0.0869140625
0 0.0859375 0.271484375 0.083984375 0.09375
0 0.34375 0.11083984375 0.099609375 0.0927734375
0 0.85546875 0.37109375 0.076171875 0.0625
0 0.228515625 0.18359375 0.1640625 0.10546875
0 0.029296875 0.28466796875 0.05859375 0.0986328125
0 0.8271484375 0.6015625 0.078125 0.08984375
0 0.49365234375 0.82080078125 0.0927734375 0.1044921875
0 0.01318359375 0.3330078125 0.0263671875 0.09765625
0 0.94873046875 0.9091796875 0.1005859375 0.072265625
0 0.7744140625 0.4814453125 0.0859375 0.09375
0 0.1064453125 0.85546875 0.0859375 0.109375
0 0.64892578125 0.64990234375 0.0732421875 0.1142578125
0 0.17041015625 0.42919921875 0.1298828125 0.0888671875
0 0.33349609375 0.7646484375 0.1396484375 0.0859375
0 0.7138671875 0.333984375 0.05859375 0.060546875
0 0.63134765625 0.8037109375 0.0751953125 0.09765625
0 0.4169921875 0.04296875 0.10546875 0.0859375
0 0.47509765625 0.6181640625 0.0791015625 0.083984375
0 0.6640625 0.37060546875 0.09375 0.1279296875
0 0.06298828125 0.38818359375 0.0693359375 0.0576171875
0 0.4375 0.30126953125 0.1171875 0.1044921875
0 0.03955078125 0.57373046875 0.0791015625 0.0673828125
0 0.4951171875 0.2021484375 0.06640625 0.080078125
