0 0.76123046875 0.0634765625 0.1181640625 0.125
0 0.7666015625 0.2529296875 0.11328125 0.169921875
0 0.6611328125 0.78125 0.11328125 0.083984375
0 0.0419921875 0.27978515625 0.083984375 0.1923828125
0 0.59326171875 0.9296875 0.1884765625 0.138671875
0 0.794921875 0.86279296875 0.080078125 0.1083984375
0 0.15576171875 0.05126953125 0.0888671875 0.1005859375
0 0.02783203125 0.95751953125 0.0556640625 0.0712890625
0 0.572265625 0.64697265625 0.08984375 0.0771484375
0 0.2275390625 0.5859375 0.078125 0.087890625
0 0.27392578125 0.4267578125 0.0947265625 0.09765625
0 0.70068359375 0.7119140625 0.0947265625 0.076171875
0 0.45263671875 0.81689453125 0.1064453125 0.0869140625
0 0.24462890625 0.09423828125 0.0771484375 0.1396484375
0 0.98779296875 0.767578125 0.0224609375 0.0859375
0 0.3076171875 0.1845703125 0.09375 0.123046875
0 0.67138671875 0.0380859375 0.0810546875 0.07421875
0 0.0791015625 0.88232421875 0.0859375 0.1181640625
0 0.96533203125 0.359375 0.0673828125 0.072265625
0 0.02197265625 0.08251953125 0.0439453125 0.1650390625
0 0.63232421875 0.2958984375 0.0751953125 0.09765625
0 0.46826171875 0.0302734375 0.0751953125 0.060546875
0 0.11962890625 0.2724609375 0.1181640625 0.119140625
0 0.42333984375 0.39599609375 0.1083984375 0.1669921875
0 0.10009765625 0.36279296875 0.1044921875 0.1337890625
0 0.89013671875 0.47509765625 0.1005859375 0.1474609375
0 0.9892578125 0.509765625 0.01953125 0.12890625
