0 0.267578125 0.92822265625 0.1015625 0.1142578125
0 0.79443359375 0.4189453125 0.1064453125 0.08984375
0 0.3583984375 0.462890625 0.1171875 0.138671875
0 0.62109375 0.0234375 0.08203125 0.046875
0 0.33203125 0.3505859375 0.083984375 0.103515625
0 0.55224609375 0.01611328125 0.0615234375 0.0322265625
0 0.18896484375 0.103515625 0.1005859375 0.1015625
0 0.4716796875 0.04345703125 0.111328125 0.0849609375
0 0.4169921875 0.89208984375 0.111328125 0.1201171875
0 0.40380859375 0.22412109375 0.1318359375 0.1435546875
0 0.86181640625 0.69970703125 0.1826171875 0.1689453125
0 0.6591796875 0.84423828125 0.115234375 0.1083984375
0 0.0234375 0.73193359375 0.046875 0.1416015625
0 0.076171875 0.96142578125 0.138671875 0.0712890625
0 0.12255859375 0.11962890625 0.1005859375 0.1064453125
0 0.0244140625 0.55712890625 0.048828125 0.1064453125
0 0.15185546875 0.4765625 0.1083984375 0.111328125
