0 0.8515625 0.4052734375 0.109375 0.08984375
0 0.60546875 0.6025390625 0.08984375 0.068359375
0 0.98046875 0.3125 0.037109375 0.078125
0 0.71142578125 0.3486328125 0.1591796875 0.091796875
0 0.53662109375 0.3515625 0.0927734375 0.083984375
0 0.95654296875 0.42626953125 0.0849609375 0.1123046875
0 0.75732421875 0.87060546875 0.0771484375 0.1005859375
0 0.408203125 0.70947265625 0.08203125 0.1064453125
0 0.26806640625 0.0517578125 0.1142578125 0.091796875
0 0.32470703125 0.50390625 0.1103515625 0.1171875
0 0.98681640625 0.62744140625 0.0224609375 0.0595703125
0 0.4404296875 0.39501953125 0.083984375 0.0869140625
0 0.67724609375 0.83984375 0.1220703125 0.078125
0 0.16162109375 0.541015625 0.1376953125 0.115234375
0 0.77197265625 0.7373046875 0.1552734375 0.109375
0 0.94921875 0.958984375 0.091796875 0.076171875
0 0.97705078125 0.73583984375 0.0439453125 0.1474609375
0 0.8642578125 0.2685546875 0.08203125 0.0859375
0 0.9267578125 0.18212890625 0.087890625 0.1181640625
0 0.15673828125 0.90673828125 0.1142578125 0.1376953125
0 0.7373046875 0.31591796875 0.125 0.0673828125
0 0.69775390625 0.154296875 0.1337890625 0.115234375
0 0.01220703125 0.34814453125 0.0244140625 0.1064453125
0 0.48779296875 0.75830078125 0.1240234375 0.1337890625
0 0.75048828125 0.59814453125 0.0849609375 0.0791015625
