0 0.115234375 0.384765625 0.1484375 0.142578125
0 0.96240234375 0.67919921875 0.0732421875 0.1630859375
0 0.6611328125 0.34814453125 0.212890625 0.0966796875
0 0.21142578125 0.34326171875 0.0830078125 0.1494140625
0 0.4501953125 0.95947265625 0.08984375 0.0791015625
0 0.25830078125 0.2734375 0.2119140625 0.095703125
0 0.8759765625 0.9609375 0.169921875 0.076171875
0 0.3447265625 0.77734375 0.189453125 0.119140625
0 0.65673828125 0.49462890625 0.1142578125 0.1962890625
0 0.3642578125 0.9775390625 0.1015625 0.044921875
0 0.29052734375 0.533203125 0.0810546875 0.162109375
0 0.412109375 0.39892578125 0.11328125 0.1591796875
0 0.86181640625 0.775390625 0.1240234375 0.177734375
0 0.8544921875 0.4609375 0.08984375 0.1484375
0 0.37646484375 0.2021484375 0.1162109375 0.111328125
0 0.62255859375 0.9169921875 0.1083984375 0.162109375
0 0.77685546875 0.283203125 0.0791015625 0.158203125
0 0.02001953125 0.90185546875 0.0380859375 0.1767578125
0 0.67041015625 0.07666015625 0.1318359375 0.1494140625
0 0.78662109375 0.0439453125 0.0966796875 0.087890625
0 0.5322265625 0.91650390625 0.08984375 0.1240234375
0 0.0498046875 0.88134765625 0.064453125 0.1181640625
0 0.501953125 0.70654296875 0.08984375 0.1513671875
0 0.31201171875 0.8701171875 0.1181640625 0.091796875
