0 0.84765625 0.09423828125 0.181640625 0.0810546875
0 0.31005859375 0.04296875 0.1298828125 0.083984375
0 0.5380859375 0.505859375 0.154296875 0.150390625
0 0.1796875 0.39404296875 0.0703125 0.0888671875
0 0.193359375 0.68408203125 0.1015625 0.1259765625
0 0.1123046875 0.74755859375 0.07421875 0.1240234375
0 0.20654296875 0.14306640625 0.0732421875 0.1845703125
0 0.3369140625 0.35595703125 0.083984375 0.0927734375
0 0.84033203125 0.1962890625 0.1826171875 0.099609375
0 0.48974609375 0.296875 0.1435546875 0.166015625
0 0.08740234375 0.39892578125 0.0615234375 0.0712890625
0 0.24169921875 0.97705078125 0.0791015625 0.0439453125
0 0.4951171875 0.55712890625 0.083984375 0.0771484375
0 0.443359375 0.97802734375 0.072265625 0.0439453125
0 0.951171875 0.96044921875 0.09765625 0.0712890625
0 0.52587890625 0.2041015625 0.0888671875 0.1484375
0 0.02587890625 0.13427734375 0.0517578125 0.0986328125
0 0.876953125 0.02490234375 0.244140625 0.0498046875
0 0.7177734375 0.49609375 0.166015625 0.08984375
0 0.38720703125 0.06787109375 0.0693359375 0.1025390625
0 0.32666015625 0.28515625 0.1318359375 0.087890625
0 0.40087890625 0.474609375 0.1083984375 0.158203125
0 0.5517578125 0.8798828125 0.14453125 0.09375
0 0.64697265625 0.14111328125 0.1494140625 0.1337890625
0 0.95166015625 0.7861328125 0.0966796875 0.166015625
0 0.97607421875 0.353515625 0.0478515625 0.083984375
0 0.041015625 0.31787109375 0.08203125 0.0888671875
0 0.23486328125 0.328125 0.1240234375 0.080078125
