0 0.67138671875 0.14208984375 0.0927734375 0.0751953125
0 0.6005859375 0.0537109375 0.138671875 0.0859375
0 0.90625 0.52587890625 0.109375 0.0712890625
0 0.71630859375 0.67529296875 0.1357421875 0.1611328125
0 0.4970703125 0.853515625 0.1171875 0.08203125
0 0.0537109375 0.41943359375 0.10546875 0.0888671875
0 0.94873046875 0.87353515625 0.1005859375 0.1416015625
0 0.95166015625 0.2763671875 0.0869140625 0.119140625
0 0.3916015625 0.865234375 0.08203125 0.0859375
0 0.77197265625 0.19091796875 0.1005859375 0.1005859375
0 0.38330078125 0.35009765625 0.0888671875 0.1162109375
0 0.142578125 0.38525390625 0.12109375 0.0771484375
0 0.96533203125 0.46240234375 0.0673828125 0.1591796875
0 0.04296875 0.076171875 0.0859375 0.150390625
0 0.97021484375 0.96875 0.0576171875 0.060546875
0 0.35009765625 0.0400390625 0.1220703125 0.080078125
0 0.40283203125 0.65185546875 0.0830078125 0.1494140625
0 0.650390625 0.89111328125 0.09375 0.1044921875
0 0.23583984375 0.32958984375 0.1162109375 0.0771484375
0 0.2412109375 0.16748046875 0.11328125 0.0947265625
0 0.87060546875 0.45556640625 0.0908203125 0.0966796875
0 0.439453125 0.96337890625 0.091796875 0.0712890625
0 0.1943359375 0.04541015625 0.08984375 0.0810546875
0 0.5361328125 0.96875 0.095703125 0.060546875
0 0.56591796875 0.90380859375 0.0771484375 0.0830078125
0 0.55078125 0.2548828125 0.078125 0.107421875
0 0.9775390625 0.60107421875 0.04296875 0.0908203125
0 0.03857421875 0.36279296875 0.0771484375 0.1337890625
0 0.5849609375 0.552734375 0.119140625 0.14453125
0 0.49609375 0.140625 0.08984375 0.109375
0 0.34619140625 0.75048828125 0.0712890625 0.1240234375
0 0.716796875 0.2646484375 0.091796875 0.12109375
0 0.45703125 0.76904296875 0.083984375 0.1025390625
0 0.0576171875 0.98046875 0.083984375 0.037109375
0 0.15576171875 0.2763671875 0.1552734375 0.07421875
