0 0.6396484375 0.0703125 0.0703125 0.126953125
0 0.34423828125 0.52978515625 0.0888671875 0.1025390625
0 0.73193359375 0.07373046875 0.0791015625 0.0751953125
0 0.48046875 0.35009765625 0.10546875 0.1533203125
0 0.1474609375 0.83349609375 0.091796875 0.0927734375
0 0.32275390625 0.93408203125 0.1201171875 0.1025390625
0 0.04736328125 0.27880859375 0.0947265625 0.0869140625
0 0.2939453125 0.2109375 0.099609375 0.083984375
0 0.29296875 0.04833984375 0.123046875 0.0966796875
0 0.49658203125 0.0166015625 0.0810546875 0.029296875
0 0.123046875 0.6162109375 0.09375 0.080078125
0 0.57177734375 0.1005859375 0.0927734375 0.14453125
0 0.1591796875 0.4970703125 0.099609375 0.099609375
0 0.93212890625 0.94091796875 0.0927734375 0.1142578125
0 0.8798828125 0.4775390625 0.076171875 0.08984375
0 0.9814453125 0.5146484375 0.03515625 0.041015625
0 0.7705078125 0.84521484375 0.123046875 0.1103515625
0 0.72802734375 0.68994140625 0.0634765625 0.0712890625
0 0.01953125 0.93359375 0.0390625 0.080078125
0 0.88330078125 0.388671875 0.0947265625 0.095703125
0 0.662109375 0.12646484375 0.087890625 0.1123046875
0 0.76025390625 0.5146484375 0.1005859375 0.09375
0 0.130859375 0.037109375 0.111328125 0.072265625
0 0.78369140625 0.15283203125 0.0966796875 0.0888671875
0 0.89697265625 0.79833984375 0.1142578125 0.0849609375
0 0.64453125 0.85595703125 0.09765625 0.0986328125
0 0.35595703125 0.0498046875 0.1455078125 0.08984375
0 0.01220703125 0.53955078125 0.0244140625 0.0771484375
0 0.87646484375 0.7314453125 0.1142578125 0.09375
0 0.4443359375 0.46630859375 0.09375 0.0888671875
0 0.0615234375 0.4375 0.123046875 0.130859375
0 0.64453125 0.228515625 0.095703125 0.080078125
0 0.3193359375 0.8330078125 0.146484375 0.12890625
0 0.66455078125 0.52783203125 0.0966796875 0.0986328125
0 0.76318359375 0.623046875 0.0927734375 0.08203125
