0 0.681640625 0.8125 0.1015625 0.10546875
0 0.5966796875 0.14990234375 0.20703125 0.1611328125
0 0.06103515625 0.2314453125 0.1220703125 0.09375
0 0.06005859375 0.0615234375 0.1201171875 0.080078125
0 0.24267578125 0.2958984375 0.0908203125 0.080078125
0 0.435546875 0.29638671875 0.130859375 0.1083984375
0 0.35986328125 0.25830078125 0.1552734375 0.0888671875
0 0.982421875 0.32666015625 0.03515625 0.0908203125
0 0.13916015625 0.17041015625 0.0927734375 0.1005859375
0 0.654296875 0.0888671875 0.0859375 0.177734375
0 0.17333984375 0.89013671875 0.0849609375 0.1748046875
0 0.42333984375 0.95556640625 0.1025390625 0.0849609375
0 0.5966796875 0.30322265625 0.09375 0.0966796875
0 0.85595703125 0.673828125 0.0986328125 0.205078125
0 0.71435546875 0.55859375 0.1572265625 0.109375
0 0.154296875 0.62890625 0.087890625 0.078125
0 0.6015625 0.68359375 0.1171875 0.126953125
0 0.71630859375 0.15673828125 0.1123046875 0.1689453125
0 0.9521484375 0.5234375 0.09375 0.12109375
0 0.107421875 0.9609375 0.087890625 0.076171875
0 0.021484375 0.509765625 0.04296875 0.087890625
