0 0.6708984375 0.3486328125 0.087890625 0.087890625
0 0.81005859375 0.05126953125 0.0791015625 0.0693359375
0 0.037109375 0.408203125 0.06640625 0.111328125
0 0.060546875 0.57373046875 0.068359375 0.0927734375
0 0.84033203125 0.4892578125 0.2041015625 0.078125
0 0.244140625 0.671875 0.107421875 0.11328125
0 0.2646484375 0.8076171875 0.076171875 0.0703125
0 0.5205078125 0.498046875 0.15234375 0.083984375
0 0.38720703125 0.97216796875 0.0966796875 0.0537109375
0 0.162109375 0.181640625 0.08203125 0.115234375
0 0.408203125 0.5908203125 0.078125 0.130859375
0 0.66552734375 0.5498046875 0.1357421875 0.1015625
0 0.625 0.22705078125 0.1484375 0.1533203125
0 0.0556640625 0.08203125 0.111328125 0.1015625
0 0.70654296875 0.1337890625 0.1669921875 0.173828125
0 0.01416015625 0.67626953125 0.0283203125 0.0869140625
0 0.5224609375 0.958984375 0.076171875 0.080078125
0 0.96630859375 0.29638671875 0.0654296875 0.0556640625
0 0.09619140625 0.376953125 0.0947265625 0.072265625
0 0.93505859375 0.39990234375 0.1298828125 0.0615234375
0 0.22412109375 0.36083984375 0.1123046875 0.2177734375
0 0.3427734375 0.64306640625 0.06640625 0.1318359375
0 0.451171875 0.54638671875 0.13671875 0.1083984375
0 0.63232421875 0.65380859375 0.1220703125 0.1533203125
0 0.33056640625 0.90087890625 0.0771484375 0.0732421875
0 0.28662109375 0.25341796875 0.1044921875 0.0849609375
0 0.9375 0.75537109375 0.091796875 0.1123046875
