0 0.154296875 0.34130859375 0.142578125 0.1142578125
0 0.36376953125 0.17822265625 0.1474609375 0.1240234375
0 0.5029296875 0.73388671875 0.08203125 0.1005859375
0 0.25341796875 0.66552734375 0.1025390625 0.0654296875
0 0.4609375 0.85693359375 0.115234375 0.1123046875
0 0.81298828125 0.8798828125 0.0732421875 0.068359375
0 0.22509765625 0.9423828125 0.0810546875 0.11328125
0 0.95166015625 0.35595703125 0.0947265625 0.0810546875
0 0.841796875 0.283203125 0.091796875 0.05078125
0 0.41259765625 0.53515625 0.1708984375 0.130859375
0 0.705078125 0.30859375 0.08984375 0.076171875
0 0.107421875 0.69140625 0.091796875 0.13671875
0 0.88671875 0.95361328125 0.0859375 0.0693359375
0 0.7490234375 0.75146484375 0.07421875 0.0771484375
0 0.81787109375 0.75927734375 0.0849609375 0.1611328125
0 0.95556640625 0.2216796875 0.0869140625 0.099609375
0 0.96533203125 0.419921875 0.0673828125 0.05859375
0 0.60302734375 0.4736328125 0.0751953125 0.0859375
0 0.81494140625 0.41357421875 0.1025390625 0.0810546875
0 0.6611328125 0.04345703125 0.08984375 0.0869140625
0 0.90478515625 0.513671875 0.0654296875 0.1015625
0 0.90576171875 0.36279296875 0.0693359375 0.0947265625
0 0.15771484375 0.9013671875 0.1083984375 0.14453125
0 0.59521484375 0.76611328125 0.0771484375 0.1376953125
0 0.44677734375 0.0205078125 0.1318359375 0.041015625
0 0.30029296875 0.90576171875 0.0771484375 0.1708984375
0 0.0341796875 0.37353515625 0.068359375 0.1396484375
0 0.72802734375 0.38720703125 0.1357421875 0.1162109375
0 0.06103515625 0.6875 0.1005859375 0.126953125
0 0.8544921875 0.6201171875 0.1015625 0.087890625
0 0.85791015625 0.01904296875 0.0693359375 0.0341796875
0 0.6982421875 0.91748046875 0.107421875 0.1279296875
0 0.13427734375 0.0185546875 0.1005859375 0.03515625
0 0.3056640625 0.408203125 0.0859375 0.091796875
0 0.4658203125 0.97802734375 0.06640625 0.0400390625
0 0.54931640625 0.54248046875 0.0830078125 0.1083984375
0 0.650390625 0.14013671875 0.123046875 0.0771484375
0 0.046875 0.78125 0.08203125 0.060546875
0 0.40087890625 0.95947265625 0.0712890625 0.0732421875
0 0.4052734375 0.25927734375 0.1640625 0.1630859375
