0 0.0302734375 0.71240234375 0.060546875 0.0830078125
0 0.39794921875 0.1396484375 0.1396484375 0.19140625
0 0.74365234375 0.53076171875 0.0830078125 0.2431640625
0 0.65380859375 0.65234375 0.1357421875 0.142578125
0 0.8515625 0.33349609375 0.126953125 0.1669921875
0 0.26318359375 0.55126953125 0.1591796875 0.0712890625
0 0.5185546875 0.34326171875 0.083984375 0.1123046875
0 0.11328125 0.7236328125 0.072265625 0.087890625
0 0.3310546875 0.494140625 0.072265625 0.1328125
0 0.18115234375 0.48046875 0.1298828125 0.1640625
0 0.603515625 0.7998046875 0.11328125 0.09765625
0 0.82470703125 0.77734375 0.1123046875 0.171875
0 0.49169921875 0.09228515625 0.0732421875 0.1435546875
0 0.0224609375 0.24658203125 0.044921875 0.0986328125
0 0.5625 0.326171875 0.08984375 0.09375
0 0.0498046875 0.5361328125 0.099609375 0.240234375
0 0.7138671875 0.0673828125 0.04296875 0.048828125
0 0.68896484375 0.78955078125 0.1123046875 0.1142578125
0 0.34619140625 0.0166015625 0.0771484375 0.033203125
0 0.96630859375 0.0830078125 0.0654296875 0.115234375
0 0.8642578125 0.3974609375 0.142578125 0.080078125
0 0.49462890625 0.49755859375 0.0634765625 0.0810546875
0 0.72412109375 0.72119140625 0.0654296875 0.1181640625
0 0.4267578125 0.37353515625 0.12109375 0.1005859375
0 0.12158203125 0.318359375 0.1806640625 0.109375
0 0.880859375 0.025390625 0.109375 0.05078125
0 0.61767578125 0.3857421875 0.0830078125 0.119140625
0 0.0869140625 0.0771484375 0.099609375 0.154296875
0 0.642578125 0.5439453125 0.140625 0.095703125
0 0.63427734375 0.259765625 0.1357421875 0.0859375
0 0.11083984375 0.94384765625 0.0751953125 0.0986328125
0 0.18212890625 0.03466796875 0.0830078125 0.0693359375
0 0.55224609375 0.10498046875 0.0986328125 0.1826171875
0 0.5458984375 0.06005859375 0.056640625 0.0927734375
0 0.36328125 0.18798828125 0.083984375 0.1201171875
0 0.44189453125 0.453125 0.0732421875 0.0703125
0 0.3212890625 0.29052734375 0.078125 0.0732421875
