0 0.982421875 0.15283203125 0.03125 0.0693359375
0 0.42041015625 0.1845703125 0.1162109375 0.166015625
0 0.56494140625 0.96923828125 0.0791015625 0.0595703125
0 0.3408203125 0.4306640625 0.107421875 0.0859375
0 0.32080078125 0.9248046875 0.0966796875 0.111328125
0 0.37646484375 0.4990234375 0.0888671875 0.08203125
0 0.79638671875 0.60107421875 0.0634765625 0.0673828125
0 0.07470703125 0.54833984375 0.1494140625 0.1376953125
0 0.56689453125 0.1640625 0.0986328125 0.11328125
0 0.07275390625 0.4228515625 0.0908203125 0.064453125
0 0.07470703125 0.64501953125 0.0615234375 0.0576171875
0 0.68310546875 0.9130859375 0.1142578125 0.080078125
0 0.103515625 0.544921875 0.125 0.08203125
0 0.74365234375 0.5751953125 0.0849609375 0.0859375
0 0.8671875 0.05126953125 0.072265625 0.1025390625
0 0.236328125 0.3125 0.078125 0.072265625
0 0.53125 0.62939453125 0.103515625 0.0693359375
0 0.2041015625 0.46630859375 0.0703125 0.0830078125
0 0.4150390625 0.8662109375 0.12890625 0.09375
0 0.82568359375 0.3740234375 0.0869140625 0.08984375
0 0.53515625 0.41943359375 0.056640625 0.1220703125
0 0.27783203125 0.3798828125 0.0966796875 0.11328125
0 0.662109375 0.80810546875 0.095703125 0.0869140625
0 0.1376953125 0.02978515625 0.09375 0.0556640625
0 0.6708984375 0.046875 0.083984375 0.087890625
0 0.64111328125 0.22607421875 0.0693359375 0.0732421875
0 0.7236328125 0.75830078125 0.06640625 0.0849609375
0 0.66259765625 0.36474609375 0.1181640625 0.0673828125
0 0.05810546875 0.81982421875 0.0791015625 0.1884765625
0 0.462890625 0.96435546875 0.083984375 0.0615234375
0 0.75 0.14599609375 0.068359375 0.0888671875
0 0.53857421875 0.068359375 0.0888671875 0.1328125
0 0.43212890625 0.07177734375 0.0908203125 0.0634765625
0 0.029296875 0.05419921875 0.05859375 0.0966796875
0 0.65673828125 0.8515625 0.1025390625 0.0546875
0 0.94384765625 0.90771484375 0.0791015625 0.0712890625
0 0.41845703125 0.70556640625 0.0517578125 0.0595703125
0 0.69775390625 0.2109375 0.0634765625 0.0703125
0 0.154296875 0.40771484375 0.0703125 0.1123046875
0 0.6005859375 0.0703125 0.0703125 0.140625
