0 0.412109375 0.85693359375 0.078125 0.1103515625
0 0.3544921875 0.96728515625 0.11328125 0.0634765625
0 0.697265625 0.07421875 0.080078125 0.087890625
0 0.33837890625 0.880859375 0.0947265625 0.150390625
0 0.5087890625 0.38037109375 0.12890625 0.1083984375
0 0.7470703125 0.90087890625 0.068359375 0.0771484375
0 0.02001953125 0.04052734375 0.0400390625 0.0791015625
0 0.15771484375 0.4111328125 0.0966796875 0.08203125
0 0.78564453125 0.11279296875 0.1201171875 0.1650390625
0 0.583984375 0.130859375 0.109375 0.134765625
0 0.87060546875 0.91455078125 0.0791015625 0.0986328125
0 0.66650390625 0.4111328125 0.1162109375 0.1015625
0 0.6240234375 0.74951171875 0.107421875 0.0908203125
0 0.22607421875 0.8046875 0.1298828125 0.08203125
0 0.61083984375 0.91455078125 0.1025390625 0.0830078125
0 0.77490234375 0.236328125 0.1142578125 0.08984375
0 0.16748046875 0.3466796875 0.1103515625 0.09765625
0 0.35498046875 0.6015625 0.1123046875 0.08984375
0 0.9560546875 0.5341796875 0.0859375 0.056640625
0 0.119140625 0.93408203125 0.1484375 0.1259765625
0 0.1513671875 0.53515625 0.10546875 0.0859375
0 0.87939453125 0.560546875 0.0712890625 0.123046875
