0 0.36767578125 0.63525390625 0.0712890625 0.2353515625
0 0.96875 0.08154296875 0.05859375 0.0927734375
0 0.9638671875 0.48828125 0.0703125 0.06640625
0 0.94091796875 0.63134765625 0.1142578125 0.1708984375
0 0.56884765625 0.9423828125 0.0830078125 0.083984375
0 0.21337890625 0.96923828125 0.1611328125 0.0595703125
0 0.30029296875 0.56494140625 0.1318359375 0.2177734375
0 0.53857421875 0.169921875 0.2314453125 0.2109375
0 0.7744140625 0.82568359375 0.15625 0.1337890625
0 0.05517578125 0.052734375 0.1103515625 0.1015625
0 0.65087890625 0.62939453125 0.3232421875 0.1455078125
0 0.13525390625 0.8720703125 0.1142578125 0.123046875
0 0.54541015625 0.3193359375 0.1884765625 0.32421875
