0 0.05517578125 0.193359375 0.1103515625 0.09765625
0 0.5068359375 0.31396484375 0.14453125 0.1650390625
0 0.7578125 0.2275390625 0.080078125 0.146484375
0 0.0791015625 0.2861328125 0.087890625 0.0859375
0 0.1279296875 0.78857421875 0.072265625 0.0771484375
0 0.4306640625 0.97509765625 0.095703125 0.0458984375
0 0.298828125 0.1923828125 0.0703125 0.0859375
0 0.73828125 0.96484375 0.087890625 0.06640625
0 0.39306640625 0.09619140625 0.1025390625 0.1474609375
0 0.54638671875 0.2412109375 0.1083984375 0.138671875
0 0.81982421875 0.87841796875 0.0810546875 0.0869140625
0 0.3486328125 0.30419921875 0.0703125 0.0810546875
0 0.056640625 0.78125 0.107421875 0.091796875
0 0.8671875 0.107421875 0.208984375 0.142578125
0 0.69775390625 0.2333984375 0.0673828125 0.0703125
0 0.6826171875 0.171875 0.10546875 0.091796875
0 0.95703125 0.68798828125 0.083984375 0.0947265625
0 0.50439453125 0.6044921875 0.0966796875 0.099609375
0 0.87548828125 0.93994140625 0.1259765625 0.1103515625
0 0.28662109375 0.037109375 0.1357421875 0.07421875
0 0.73388671875 0.8525390625 0.0849609375 0.1015625
0 0.5087890625 0.16064453125 0.08203125 0.1279296875
0 0.69384765625 0.91015625 0.0927734375 0.072265625
0 0.24560546875 0.380859375 0.1787109375 0.10546875
