0 0.9638671875 0.529296875 0.0703125 0.150390625
0 0.5673828125 0.431640625 0.08203125 0.08203125
0 0.30126953125 0.966796875 0.0966796875 0.0625
0 0.740234375 0.3330078125 0.119140625 0.197265625
0 0.51513671875 0.40673828125 0.1162109375 0.1044921875
0 0.32763671875 0.189453125 0.1240234375 0.10546875
0 0.62353515625 0.62548828125 0.1884765625 0.1298828125
0 0.32666015625 0.02490234375 0.1240234375 0.0478515625
0 0.84765625 0.916015625 0.109375 0.126953125
0 0.9482421875 0.72216796875 0.1015625 0.1064453125
0 0.17578125 0.73583984375 0.11328125 0.0927734375
0 0.31494140625 0.09765625 0.0927734375 0.08203125
0 0.0224609375 0.59521484375 0.044921875 0.0986328125
0 0.94189453125 0.0400390625 0.1142578125 0.080078125
0 0.83740234375 0.36279296875 0.0791015625 0.1123046875
0 0.95703125 0.8134765625 0.083984375 0.0703125
0 0.0498046875 0.76025390625 0.083984375 0.1044921875
0 0.02978515625 0.7119140625 0.0595703125 0.1328125
0 0.0869140625 0.22509765625 0.0859375 0.0810546875
0 0.68994140625 0.05517578125 0.1103515625 0.1064453125
0 0.69873046875 0.72900390625 0.1357421875 0.0908203125
0 0.5283203125 0.099609375 0.076171875 0.072265625
0 0.431640625 0.41796875 0.087890625 0.115234375
0 0.4169921875 0.47265625 0.107421875 0.09375
0 0.16162109375 0.85009765625 0.0869140625 0.1123046875
0 0.79638671875 0.65771484375 0.1083984375 0.1240234375
