0 0.01220703125 0.02099609375 0.0244140625 0.0419921875
0 0.43359375 0.55859375 0.109375 0.119140625
0 0.57568359375 0.6884765625 0.0966796875 0.091796875
0 0.455078125 0.7099609375 0.09375 0.0625
0 0.896484375 0.81005859375 0.15234375 0.0927734375
0 0.1259765625 0.6875 0.087890625 0.083984375
0 0.80810546875 0.486328125 0.1240234375 0.107421875
0 0.45703125 0.0625 0.083984375 0.125
0 0.484375 0.498046875 0.080078125 0.150390625
0 0.12841796875 0.94384765625 0.0888671875 0.1103515625
0 0.8203125 0.8798828125 0.080078125 0.07421875
0 0.0283203125 0.89892578125 0.056640625 0.0791015625
0 0.37353515625 0.42333984375 0.1279296875 0.1064453125
0 0.98779296875 0.779296875 0.0224609375 0.083984375
0 0.7724609375 0.83203125 0.107421875 0.150390625
0 0.54541015625 0.81689453125 0.0869140625 0.1005859375
0 0.2998046875 0.76611328125 0.078125 0.0849609375
0 0.4619140625 0.74658203125 0.056640625 0.0439453125
0 0.08447265625 0.91015625 0.0791015625 0.138671875
0 0.33251953125 0.939453125 0.0791015625 0.1171875
0 0.93017578125 0.32421875 0.1376953125 0.10546875
0 0.62841796875 0.8857421875 0.0673828125 0.083984375
0 0.03955078125 0.99072265625 0.0791015625 0.0185546875
