0 0.8857421875 0.47412109375 0.142578125 0.1494140625
0 0.0439453125 0.73681640625 0.087890625 0.0927734375
0 0.220703125 0.95703125 0.115234375 0.080078125
0 0.65966796875 0.47119140625 0.0849609375 0.1416015625
0 0.24462890625 0.1435546875 0.0947265625 0.12109375
0 0.7890625 0.486328125 0.09375 0.072265625
0 0.63671875 0.0537109375 0.123046875 0.107421875
0 0.71044921875 0.029296875 0.0693359375 0.0546875
0 0.07470703125 0.50537109375 0.0830078125 0.0771484375
0 0.736328125 0.703125 0.13671875 0.12890625
0 0.83935546875 0.03369140625 0.0810546875 0.0615234375
0 0.93701171875 0.75830078125 0.1240234375 0.1396484375
0 0.0322265625 0.49072265625 0.064453125 0.1337890625
0 0.30322265625 0.173828125 0.0849609375 0.09375
0 0.1923828125 0.06787109375 0.080078125 0.1357421875
0 0.5107421875 0.7177734375 0.134765625 0.14453125
0 0.87548828125 0.08203125 0.0634765625 0.05859375
0 0.509765625 0.0693359375 0.08984375 0.09765625
0 0.62890625 0.61474609375 0.099609375 0.1181640625
0 0.75537109375 0.07080078125 0.0869140625 0.1142578125
0 0.23779296875 0.5224609375 0.0908203125 0.060546875
0 0.8046875 0.8671875 0.099609375 0.095703125
0 0.0869140625 0.0439453125 0.095703125 0.087890625
0 0.767578125 0.41748046875 0.095703125 0.0927734375
0 0.3779296875 0.96533203125 0.06640625 0.0673828125
0 0.4853515625 0.03466796875 0.1171875 0.0693359375
