0 0.12255859375 0.6875 0.1162109375 0.12109375
0 0.4912109375 0.62451171875 0.083984375 0.0810546875
0 0.25048828125 0.291015625 0.0615234375 0.06640625
0 0.9306640625 0.19921875 0.13671875 0.087890625
0 0.431640625 0.01904296875 0.0625 0.0361328125
0 0.984375 0.494140625 0.029296875 0.08203125
0 0.41796875 0.333984375 0.080078125 0.0703125
0 0.0302734375 0.70947265625 0.060546875 0.0771484375
0 0.59033203125 0.5517578125 0.0654296875 0.16796875
0 0.53125 0.548828125 0.064453125 0.10546875
0 0.3603515625 0.1025390625 0.078125 0.13671875
0 0.658203125 0.75927734375 0.05859375 0.0693359375
0 0.74462890625 0.87060546875 0.0556640625 0.0830078125
0 0.36962890625 0.662109375 0.0615234375 0.0703125
0 0.419921875 0.7392578125 0.072265625 0.0859375
0 0.95068359375 0.8515625 0.0966796875 0.08984375
0 0.119140625 0.51416015625 0.0859375 0.0576171875
0 0.9169921875 0.42578125 0.060546875 0.056640625
0 0.24853515625 0.94970703125 0.1298828125 0.0888671875
0 0.6435546875 0.08203125 0.111328125 0.1640625
0 0.66259765625 0.9638671875 0.0830078125 0.0703125
0 0.4541015625 0.8447265625 0.19140625 0.203125
0 0.8115234375 0.029296875 0.07421875 0.05859375
0 0.3193359375 0.92822265625 0.080078125 0.1259765625
0 0.044921875 0.10888671875 0.08984375 0.0869140625
0 0.056640625 0.4453125 0.0546875 0.091796875
0 0.056640625 0.0498046875 0.09765625 0.099609375
0 0.7607421875 0.484375 0.244140625 0.1171875
0 0.2861328125 0.35009765625 0.080078125 0.0966796875
0 0.009765625 0.7275390625 0.01953125 0.099609375
0 0.14697265625 0.34912109375 0.0986328125 0.1201171875
0 0.4013671875 0.44775390625 0.140625 0.1005859375
0 0.4716796875 0.4033203125 0.109375 0.08984375
0 0.822265625 0.91748046875 0.10546875 0.1064453125
0 0.49658203125 0.00732421875 0.0615234375 0.0146484375
