0 0.39501953125 0.97509765625 0.0615234375 0.0458984375
0 0.548828125 0.19580078125 0.115234375 0.1884765625
0 0.9755859375 0.55126953125 0.046875 0.1318359375
0 0.06396484375 0.51953125 0.1083984375 0.10546875
0 0.939453125 0.638671875 0.119140625 0.099609375
0 0.962890625 0.24951171875 0.072265625 0.0712890625
0 0.28515625 0.43359375 0.115234375 0.078125
0 0.23095703125 0.9169921875 0.1083984375 0.095703125
0 0.65625 0.6884765625 0.08984375 0.080078125
0 0.31982421875 0.16015625 0.1044921875 0.08984375
0 0.61181640625 0.64013671875 0.1416015625 0.1005859375
0 0.19140625 0.5205078125 0.111328125 0.083984375
0 0.3203125 0.97412109375 0.087890625 0.0478515625
0 0.43408203125 0.79638671875 0.0771484375 0.0791015625
0 0.771484375 0.47705078125 0.08984375 0.0888671875
0 0.986328125 0.7802734375 0.025390625 0.076171875
0 0.04443359375 0.0986328125 0.0888671875 0.07421875
0 0.72802734375 0.01904296875 0.0791015625 0.0380859375
0 0.0478515625 0.6982421875 0.08203125 0.12890625
0 0.21923828125 0.7578125 0.0908203125 0.1015625
0 0.4638671875 0.32275390625 0.06640625 0.0712890625
0 0.974609375 0.9599609375 0.048828125 0.078125
0 0.1123046875 0.74560546875 0.11328125 0.0986328125
0 0.1357421875 0.15234375 0.09375 0.099609375
0 0.95751953125 0.2890625 0.0849609375 0.080078125
0 0.04443359375 0.3056640625 0.0888671875 0.171875
0 0.841796875 0.14404296875 0.087890625 0.0771484375
0 0.9599609375 0.8359375 0.078125 0.078125
0 0.5390625 0.38623046875 0.08203125 0.0771484375
0 0.87939453125 0.2314453125 0.0712890625 0.080078125
0 0.2373046875 0.5673828125 0.11328125 0.111328125
