0 0.7197265625 0.24072265625 0.154296875 0.0986328125
0 0.03662109375 0.40576171875 0.0732421875 0.1142578125
0 0.16943359375 0.5380859375 0.0830078125 0.107421875
0 0.75537109375 0.12744140625 0.0947265625 0.1025390625
0 0.9365234375 0.9716796875 0.125 0.0546875
0 0.9716796875 0.7177734375 0.0546875 0.080078125
0 0.52099609375 0.0830078125 0.1240234375 0.095703125
0 0.330078125 0.91796875 0.1484375 0.099609375
0 0.02783203125 0.5087890625 0.0556640625 0.115234375
0 0.5712890625 0.203125 0.107421875 0.109375
0 0.7060546875 0.47216796875 0.08203125 0.1142578125
0 0.7880859375 0.2919921875 0.1328125 0.09375
0 0.52587890625 0.3720703125 0.1455078125 0.109375
0 0.64892578125 0.64306640625 0.1396484375 0.0771484375
0 0.06787109375 0.67041015625 0.1357421875 0.1142578125
0 0.12744140625 0.31494140625 0.1376953125 0.1123046875
0 0.619140625 0.4599609375 0.134765625 0.083984375
0 0.72509765625 0.87109375 0.1318359375 0.083984375
0 0.47314453125 0.28173828125 0.0966796875 0.1318359375
0 0.6787109375 0.91259765625 0.07421875 0.1162109375
0 0.9619140625 0.39599609375 0.07421875 0.1201171875
0 0.66162109375 0.0517578125 0.1025390625 0.103515625
0 0.5234375 0.14794921875 0.095703125 0.0595703125
0 0.845703125 0.4326171875 0.1015625 0.083984375
0 0.64404296875 0.82080078125 0.1005859375 0.1220703125
