0 0.166015625 0.46337890625 0.087890625 0.0634765625
0 0.375 0.3681640625 0.109375 0.091796875
0 0.33935546875 0.138671875 0.1103515625 0.10546875
0 0.26806640625 0.51025390625 0.0654296875 0.0908203125
0 0.0361328125 0.7900390625 0.072265625 0.107421875
0 0.5009765625 0.1181640625 0.0625 0.095703125
0 0.578125 0.30126953125 0.099609375 0.0712890625
0 0.36669921875 0.27734375 0.1767578125 0.05078125
0 0.140625 0.78955078125 0.1953125 0.1318359375
0 0.89990234375 0.40869140625 0.1455078125 0.0947265625
0 0.9599609375 0.47900390625 0.078125 0.0771484375
0 0.42578125 0.0439453125 0.083984375 0.087890625
0 0.734375 0.10888671875 0.083984375 0.1044921875
0 0.64111328125 0.3603515625 0.0830078125 0.083984375
0 0.05810546875 0.42236328125 0.1162109375 0.1396484375
0 0.32373046875 0.2607421875 0.0712890625 0.095703125
0 0.27294921875 0.97265625 0.1044921875 0.052734375
0 0.57470703125 0.60693359375 0.1005859375 0.1220703125
0 0.44482421875 0.11962890625 0.0712890625 0.1123046875
0 0.47607421875 0.47900390625 0.1318359375 0.1162109375
0 0.2646484375 0.34375 0.060546875 0.083984375
0 0.0908203125 0.61767578125 0.09375 0.1103515625
0 0.16455078125 0.86328125 0.1083984375 0.048828125
0 0.38427734375 0.8466796875 0.0947265625 0.078125
0 0.36474609375 0.95263671875 0.0673828125 0.0830078125
0 0.0361328125 0.9677734375 0.072265625 0.060546875
0 0.326171875 0.0439453125 0.0703125 0.072265625
0 0.32568359375 0.42626953125 0.0654296875 0.0556640625
0 0.1875 0.220703125 0.11328125 0.1171875
0 0.56005859375 0.51513671875 0.1083984375 0.0966796875
0 0.951171875 0.71826171875 0.07421875 0.2001953125
0 0.16650390625 0.40478515625 0.1005859375 0.0888671875
0 0.03125 0.2060546875 0.0625 0.0703125
0 0.3466796875 0.60302734375 0.044921875 0.1201171875
