0 0.20947265625 0.0234375 0.1494140625 0.046875
0 0.0244140625 0.08837890625 0.048828125 0.1357421875
0 0.44580078125 0.88427734375 0.1201171875 0.0791015625
0 0.0859375 0.41650390625 0.171875 0.1162109375
0 0.2841796875 0.93798828125 0.125 0.0771484375
0 0.3310546875 0.9716796875 0.15625 0.0546875
0 0.04150390625 0.33056640625 0.0830078125 0.1083984375
0 0.6787109375 0.9326171875 0.138671875 0.130859375
0 0.74365234375 0.04248046875 0.0791015625 0.0810546875
0 0.82373046875 0.3037109375 0.1064453125 0.095703125
0 0.59765625 0.341796875 0.099609375 0.11328125
0 0.85498046875 0.5537109375 0.0634765625 0.1171875
0 0.3828125 0.8134765625 0.115234375 0.134765625
0 0.68603515625 0.509765625 0.1845703125 0.083984375
0 0.1630859375 0.62841796875 0.19140625 0.1181640625
0 0.94189453125 0.02978515625 0.0634765625 0.0595703125
0 0.69775390625 0.3017578125 0.0751953125 0.078125
0 0.05517578125 0.1171875 0.0888671875 0.052734375
0 0.0400390625 0.91650390625 0.076171875 0.0498046875
0 0.646484375 0.3330078125 0.138671875 0.12109375
0 0.14404296875 0.9765625 0.1572265625 0.044921875
0 0.86328125 0.39697265625 0.140625 0.1162109375
0 0.01025390625 0.82958984375 0.0205078125 0.0888671875
0 0.64306640625 0.20751953125 0.1259765625 0.0771484375
0 0.228515625 0.53466796875 0.109375 0.0849609375
0 0.6162109375 0.44873046875 0.1328125 0.0693359375
0 0.3525390625 0.40185546875 0.1171875 0.0771484375
0 0.07666015625 0.53173828125 0.0908203125 0.1064453125
0 0.56201171875 0.48681640625 0.1337890625 0.0849609375
0 0.97021484375 0.53076171875 0.0576171875 0.1298828125
0 0.9677734375 0.2666015625 0.060546875 0.154296875
0 0.7841796875 0.61279296875 0.09375 0.1474609375
0 0.642578125 0.53173828125 0.0703125 0.1318359375
