0 0.43798828125 0.6376953125 0.1044921875 0.107421875
0 0.80419921875 0.30810546875 0.0771484375 0.1025390625
0 0.03369140625 0.09228515625 0.0673828125 0.0595703125
0 0.16162109375 0.86767578125 0.1650390625 0.0927734375
0 0.06103515625 0.94775390625 0.1220703125 0.1005859375
0 0.44189453125 0.53759765625 0.0908203125 0.1806640625
0 0.75732421875 0.25146484375 0.1162109375 0.0927734375
0 0.98193359375 0.40576171875 0.0341796875 0.1669921875
0 0.8291015625 0.537109375 0.1171875 0.09375
0 0.07275390625 0.60986328125 0.1005859375 0.1533203125
0 0.0751953125 0.19091796875 0.1328125 0.1123046875
0 0.5986328125 0.08056640625 0.091796875 0.1220703125
0 0.564453125 0.72314453125 0.115234375 0.0810546875
0 0.78564453125 0.73095703125 0.1279296875 0.1025390625
0 0.978515625 0.794921875 0.0390625 0.087890625
0 0.2333984375 0.359375 0.103515625 0.095703125
0 0.60595703125 0.88134765625 0.1611328125 0.0810546875
0 0.3603515625 0.50732421875 0.076171875 0.0673828125
0 0.625 0.294921875 0.119140625 0.111328125
0 0.04541015625 0.02685546875 0.0908203125 0.0537109375
0 0.6875 0.724609375 0.111328125 0.0859375
0 0.61376953125 0.61767578125 0.0849609375 0.1103515625
0 0.5625 0.79736328125 0.041015625 0.0947265625
0 0.5771484375 0.43896484375 0.099609375 0.1416015625
0 0.65576171875 0.19921875 0.1259765625 0.083984375
0 0.4228515625 0.39453125 0.134765625 0.111328125
0 0.68798828125 0.58447265625 0.0888671875 0.0888671875
0 0.951171875 0.513671875 0.072265625 0.068359375
0 0.2197265625 0.1943359375 0.08203125 0.095703125
0 0.888671875 0.01806640625 0.087890625 0.0341796875
0 0.1533203125 0.783203125 0.21484375 0.087890625
0 0.869140625 0.63525390625 0.09765625 0.1689453125
0 0.2939453125 0.1572265625 0.087890625 0.16015625
0 0.89501953125 0.87353515625 0.0966796875 0.0947265625
0 0.30810546875 0.05712890625 0.0849609375 0.1064453125
0 0.7314453125 0.0166015625 0.05078125 0.033203125
