0 0.0498046875 0.4150390625 0.091796875 0.17578125
0 0.0751953125 0.1533203125 0.08203125 0.103515625
0 0.01318359375 0.55126953125 0.0263671875 0.0908203125
0 0.43408203125 0.17919921875 0.0791015625 0.1083984375
0 0.44482421875 0.0126953125 0.0810546875 0.025390625
0 0.18896484375 0.55615234375 0.1865234375 0.1357421875
0 0.37939453125 0.09814453125 0.1181640625 0.1259765625
0 0.74365234375 0.45849609375 0.0966796875 0.0869140625
0 0.74267578125 0.80712890625 0.0634765625 0.0771484375
0 0.68798828125 0.70947265625 0.0869140625 0.2021484375
0 0.486328125 0.97509765625 0.041015625 0.0419921875
0 0.96826171875 0.64794921875 0.0615234375 0.1416015625
0 0.8623046875 0.6630859375 0.123046875 0.111328125
0 0.80126953125 0.05419921875 0.1044921875 0.1064453125
0 0.51171875 0.697265625 0.103515625 0.15625
0 0.681640625 0.97265625 0.080078125 0.048828125
0 0.30322265625 0.0166015625 0.1474609375 0.03125
0 0.8720703125 0.51953125 0.1171875 0.111328125
0 0.96142578125 0.79541015625 0.0751953125 0.1728515625
0 0.34423828125 0.94970703125 0.1181640625 0.0986328125
0 0.97265625 0.552734375 0.052734375 0.107421875
0 0.25830078125 0.177734375 0.0791015625 0.12890625
0 0.47607421875 0.802734375 0.0869140625 0.138671875
0 0.25732421875 0.95947265625 0.0712890625 0.0791015625
0 0.16064453125 0.39697265625 0.0751953125 0.1123046875
0 0.6875 0.86279296875 0.080078125 0.1650390625
0 0.115234375 0.80517578125 0.091796875 0.2216796875
0 0.25537109375 0.853515625 0.1396484375 0.107421875
0 0.4775390625 0.271484375 0.111328125 0.068359375
0 0.28369140625 0.69140625 0.1650390625 0.095703125
0 0.64453125 0.08935546875 0.099609375 0.1591796875
0 0.931640625 0.421875 0.111328125 0.16015625
