0 0.787109375 0.70703125 0.158203125 0.142578125
0 0.86865234375 0.02783203125 0.0830078125 0.0537109375
0 0.76025390625 0.115234375 0.1181640625 0.130859375
0 0.37255859375 0.2314453125 0.1435546875 0.1640625
0 0.7177734375 0.021484375 0.126953125 0.04296875
0 0.5546875 0.96533203125 0.1171875 0.0673828125
0 0.66162109375 0.81005859375 0.1240234375 0.1357421875
0 0.42138671875 0.50634765625 0.0771484375 0.1064453125
0 0.1279296875 0.33251953125 0.1015625 0.0849609375
0 0.18212890625 0.91162109375 0.0986328125 0.0751953125
0 0.4189453125 0.6962890625 0.1015625 0.123046875
0 0.216796875 0.30224609375 0.099609375 0.0654296875
0 0.49267578125 0.4599609375 0.1025390625 0.10546875
0 0.76513671875 0.33349609375 0.0771484375 0.0966796875
0 0.8408203125 0.39453125 0.09375 0.095703125
0 0.50439453125 0.6005859375 0.1201171875 0.134765625
0 0.62255859375 0.44775390625 0.1025390625 0.1259765625
0 0.681640625 0.9736328125 0.08984375 0.05078125
0 0.251953125 0.54541015625 0.103515625 0.1044921875
0 0.06201171875 0.47021484375 0.1240234375 0.0908203125
0 0.12158203125 0.6767578125 0.0986328125 0.095703125
0 0.02490234375 0.73583984375 0.0498046875 0.1142578125
0 0.31396484375 0.94580078125 0.2041015625 0.1025390625
0 0.390625 0.01416015625 0.068359375 0.0283203125
0 0.18603515625 0.37109375 0.1826171875 0.078125
0 0.03955078125 0.8125 0.0791015625 0.08984375
0 0.19140625 0.0146484375 0.083984375 0.02734375
0 0.48828125 0.96923828125 0.08984375 0.0595703125
0 0.375 0.30419921875 0.0625 0.0771484375
0 0.54931640625 0.02978515625 0.1337890625 0.0595703125
