0 0.01953125 0.1376953125 0.0390625 0.12890625
0 0.4619140625 0.775390625 0.09765625 0.181640625
0 0.84375 0.7724609375 0.140625 0.150390625
0 0.771484375 0.4921875 0.1171875 0.177734375
0 0.9736328125 0.18994140625 0.05078125 0.1650390625
0 0.6943359375 0.32861328125 0.12109375 0.1572265625
0 0.10595703125 0.43017578125 0.1337890625 0.0927734375
0 0.26025390625 0.4033203125 0.0693359375 0.072265625
0 0.87548828125 0.14111328125 0.1181640625 0.1123046875
0 0.31103515625 0.283203125 0.1005859375 0.240234375
0 0.95654296875 0.015625 0.0869140625 0.03125
0 0.6015625 0.74267578125 0.119140625 0.0908203125
0 0.61376953125 0.55078125 0.0771484375 0.1484375
0 0.34130859375 0.40771484375 0.0947265625 0.0908203125
0 0.22509765625 0.06005859375 0.1005859375 0.1064453125
0 0.45849609375 0.95361328125 0.1162109375 0.0908203125
0 0.93115234375 0.271484375 0.0771484375 0.125
0 0.05712890625 0.06640625 0.1005859375 0.10546875
0 0.84130859375 0.94384765625 0.0927734375 0.1064453125
0 0.728515625 0.43408203125 0.2109375 0.1611328125
0 0.8896484375 0.490234375 0.103515625 0.125
0 0.9453125 0.93994140625 0.107421875 0.1162109375
0 0.59130859375 0.4111328125 0.1376953125 0.076171875
0 0.1181640625 0.7314453125 0.166015625 0.171875
0 0.02783203125 0.5107421875 0.0556640625 0.07421875
