0 0.0576171875 0.25634765625 0.115234375 0.1357421875
0 0.9462890625 0.70947265625 0.10546875 0.1220703125
0 0.31005859375 0.21044921875 0.1083984375 0.0830078125
0 0.9521484375 0.2802734375 0.091796875 0.095703125
0 0.14794921875 0.677734375 0.1064453125 0.1015625
0 0.24267578125 0.576171875 0.1240234375 0.08203125
0 0.38623046875 0.18310546875 0.0751953125 0.0712890625
0 0.86376953125 0.72607421875 0.1357421875 0.1162109375
0 0.15869140625 0.09228515625 0.0908203125 0.0869140625
0 0.8271484375 0.02978515625 0.119140625 0.0576171875
0 0.76904296875 0.8056640625 0.0908203125 0.107421875
0 0.8818359375 0.91650390625 0.1328125 0.0986328125
0 0.05322265625 0.82470703125 0.1064453125 0.1416015625
0 0.703125 0.1259765625 0.173828125 0.099609375
0 0.2529296875 0.41357421875 0.072265625 0.0771484375
0 0.8525390625 0.79833984375 0.095703125 0.0927734375
0 0.8466796875 0.24169921875 0.09375 0.0869140625
0 0.17236328125 0.97021484375 0.1005859375 0.0576171875
0 0.1181640625 0.22216796875 0.15625 0.1259765625
0 0.779296875 0.54736328125 0.091796875 0.1259765625
0 0.8037109375 0.68505859375 0.091796875 0.1064453125
0 0.166015625 0.62646484375 0.076171875 0.0498046875
0 0.38916015625 0.7802734375 0.1298828125 0.083984375
0 0.22607421875 0.88818359375 0.1142578125 0.1044921875
0 0.943359375 0.623046875 0.111328125 0.08203125
0 0.1689453125 0.5537109375 0.13671875 0.109375
0 0.41162109375 0.865234375 0.1083984375 0.0703125
0 0.75244140625 0.03076171875 0.0791015625 0.0595703125
0 0.60009765625 0.755859375 0.1025390625 0.130859375
0 0.20751953125 0.1796875 0.0947265625 0.09765625
0 0.4140625 0.01416015625 0.078125 0.0283203125
