0 0.3818359375 0.29736328125 0.11328125 0.0888671875
0 0.12890625 0.6787109375 0.111328125 0.091796875
0 0.66455078125 0.96142578125 0.0869140625 0.0732421875
0 0.23095703125 0.2158203125 0.0751953125 0.087890625
0 0.52685546875 0.7822265625 0.0986328125 0.11328125
0 0.1669921875 0.5625 0.078125 0.080078125
0 0.2890625 0.98291015625 0.08203125 0.0341796875
0 0.3994140625 0.453125 0.08203125 0.08203125
0 0.181640625 0.43212890625 0.095703125 0.0869140625
0 0.73291015625 0.3291015625 0.0771484375 0.0859375
0 0.4853515625 0.3466796875 0.08984375 0.1015625
