0 0.05908203125 0.80029296875 0.1181640625 0.1181640625
0 0.83837890625 0.18505859375 0.0654296875 0.0576171875
0 0.96533203125 0.36767578125 0.0673828125 0.1416015625
0 0.3603515625 0.7421875 0.107421875 0.103515625
0 0.62939453125 0.38818359375 0.1123046875 0.0830078125
0 0.521484375 0.84814453125 0.076171875 0.0791015625
0 0.27294921875 0.912109375 0.1005859375 0.099609375
0 0.7646484375 0.13818359375 0.16015625 0.1044921875
0 0.3681640625 0.0302734375 0.08203125 0.060546875
0 0.35205078125 0.25390625 0.1142578125 0.12890625
0 0.47509765625 0.58251953125 0.1376953125 0.1064453125
0 0.41943359375 0.42041015625 0.1826171875 0.1298828125
0 0.3974609375 0.88720703125 0.078125 0.1455078125
0 0.27880859375 0.2255859375 0.0927734375 0.107421875
0 0.6640625 0.2001953125 0.111328125 0.11328125
0 0.1533203125 0.03076171875 0.130859375 0.0615234375
0 0.60888671875 0.091796875 0.1123046875 0.146484375
0 0.1337890625 0.9716796875 0.08984375 0.052734375
0 0.48291015625 0.1923828125 0.1201171875 0.1328125
0 0.06103515625 0.72314453125 0.1162109375 0.0849609375
0 0.69775390625 0.4716796875 0.1416015625 0.12890625
0 0.27197265625 0.0625 0.1396484375 0.123046875
0 0.18603515625 0.9482421875 0.0771484375 0.1015625
0 0.85693359375 0.93896484375 0.0986328125 0.1181640625
0 0.44091796875 0.802734375 0.0927734375 0.083984375
0 0.72802734375 0.90673828125 0.0888671875 0.1787109375
