0 0.36181640625 0.32763671875 0.2568359375 0.1142578125
0 0.984375 0.19677734375 0.03125 0.0791015625
0 0.29345703125 0.41064453125 0.1005859375 0.1162109375
0 0.42529296875 0.9208984375 0.1162109375 0.15625
0 0.52490234375 0.58203125 0.1708984375 0.099609375
0 0.74365234375 0.888671875 0.1318359375 0.21484375
0 0.47900390625 0.18017578125 0.1787109375 0.1103515625
0 0.9033203125 0.21240234375 0.134765625 0.1005859375
0 0.93115234375 0.66259765625 0.0966796875 0.1005859375
0 0.22412109375 0.98095703125 0.0966796875 0.0361328125
0 0.400390625 0.03662109375 0.060546875 0.0634765625
0 0.6142578125 0.37255859375 0.1328125 0.1103515625
0 0.66796875 0.12255859375 0.130859375 0.1513671875
0 0.8466796875 0.36474609375 0.07421875 0.0927734375
0 0.119140625 0.37646484375 0.103515625 0.1044921875
0 0.9609375 0.54248046875 0.076171875 0.1611328125
0 0.0263671875 0.29638671875 0.052734375 0.1044921875
0 0.732421875 0.39013671875 0.123046875 0.0869140625
0 0.1787109375 0.04736328125 0.1015625 0.0947265625
0 0.92431640625 0.98388671875 0.0810546875 0.0302734375
0 0.79736328125 0.94775390625 0.0576171875 0.1025390625
0 0.72412109375 0.72802734375 0.1396484375 0.1298828125
