0 0.64990234375 0.04296875 0.0693359375 0.0859375
0 0.48779296875 0.81005859375 0.0673828125 0.1044921875
0 0.5126953125 0.0400390625 0.087890625 0.080078125
0 0.07373046875 0.97314453125 0.1474609375 0.0517578125
0 0.7734375 0.65771484375 0.146484375 0.1025390625
0 0.25146484375 0.30224609375 0.1455078125 0.1123046875
0 0.52685546875 0.65185546875 0.1533203125 0.0791015625
0 0.13720703125 0.13330078125 0.0966796875 0.0810546875
0 0.88671875 0.4833984375 0.08984375 0.078125
0 0.28125 0.1689453125 0.0625 0.060546875
0 0.9150390625 0.85693359375 0.078125 0.1494140625
0 0.55029296875 0.93603515625 0.1103515625 0.0732421875
0 0.130859375 0.0478515625 0.06640625 0.09375
0 0.80810546875 0.708984375 0.1787109375 0.0703125
0 0.705078125 0.46826171875 0.046875 0.0537109375
0 0.42919921875 0.39501953125 0.1337890625 0.0966796875
0 0.60400390625 0.8173828125 0.0986328125 0.11328125
0 0.08740234375 0.3046875 0.1044921875 0.0859375
0 0.98681640625 0.79833984375 0.0224609375 0.0732421875
0 0.2529296875 0.03271484375 0.09375 0.0654296875
0 0.9736328125 0.59814453125 0.05078125 0.0869140625
0 0.17578125 0.0771484375 0.103515625 0.154296875
0 0.1943359375 0.5927734375 0.078125 0.1328125
0 0.96484375 0.68017578125 0.068359375 0.1630859375
0 0.21875 0.36767578125 0.12890625 0.1103515625
0 0.00634765625 0.890625 0.0126953125 0.0859375
0 0.0546875 0.0908203125 0.10546875 0.107421875
0 0.92236328125 0.17041015625 0.0791015625 0.0478515625
0 0.6875 0.15478515625 0.1015625 0.0458984375
0 0.43798828125 0.5478515625 0.0771484375 0.16015625
0 0.31787109375 0.72412109375 0.0849609375 0.1005859375
0 0.30859375 0.27734375 0.095703125 0.08203125
0 0.7236328125 0.03515625 0.111328125 0.06640625
0 0.05908203125 0.24658203125 0.0732421875 0.0771484375
0 0.66455078125 0.5869140625 0.1865234375 0.095703125
