0 0.90234375 0.03662109375 0.111328125 0.0712890625
0 0.85107421875 0.1357421875 0.1396484375 0.111328125
0 0.5576171875 0.7978515625 0.064453125 0.0625
0 0.06201171875 0.177734375 0.1240234375 0.14453125
0 0.91552734375 0.33349609375 0.1435546875 0.1416015625
0 0.52490234375 0.482421875 0.0732421875 0.07421875
0 0.45947265625 0.71533203125 0.0849609375 0.0810546875
0 0.666015625 0.09033203125 0.107421875 0.1083984375
0 0.69873046875 0.5576171875 0.1142578125 0.091796875
0 0.6923828125 0.18408203125 0.0859375 0.0576171875
0 0.12060546875 0.92431640625 0.0849609375 0.1474609375
0 0.76416015625 0.11767578125 0.0810546875 0.0556640625
0 0.97802734375 0.25634765625 0.0419921875 0.1083984375
0 0.01953125 0.10986328125 0.0390625 0.1103515625
0 0.96484375 0.59619140625 0.068359375 0.0869140625
0 0.2822265625 0.65478515625 0.08203125 0.1064453125
0 0.93798828125 0.73291015625 0.1005859375 0.0927734375
0 0.4619140625 0.34326171875 0.109375 0.0947265625
0 0.70068359375 0.6298828125 0.0810546875 0.068359375
0 0.06396484375 0.39599609375 0.1279296875 0.0849609375
0 0.24951171875 0.27294921875 0.0986328125 0.1005859375
0 0.22216796875 0.84619140625 0.0654296875 0.0849609375
0 0.6923828125 0.23046875 0.14453125 0.09375
0 0.82080078125 0.57275390625 0.0888671875 0.0673828125
0 0.78857421875 0.84423828125 0.1044921875 0.1572265625
0 0.65380859375 0.92822265625 0.0751953125 0.0810546875
0 0.33642578125 0.9521484375 0.0751953125 0.091796875
0 0.8583984375 0.83154296875 0.0859375 0.0947265625
0 0.548828125 0.73486328125 0.0859375 0.0966796875
0 0.23828125 0.95947265625 0.072265625 0.0791015625
