0 0.13623046875 0.86962890625 0.1337890625 0.1708984375
0 0.01318359375 0.197265625 0.0263671875 0.125
0 0.6083984375 0.90087890625 0.12109375 0.1708984375
0 0.3486328125 0.32470703125 0.076171875 0.0673828125
0 0.06982421875 0.6728515625 0.0966796875 0.072265625
0 0.4384765625 0.25146484375 0.07421875 0.0908203125
0 0.02197265625 0.77978515625 0.0439453125 0.0986328125
0 0.52880859375 0.6259765625 0.0908203125 0.12890625
0 0.96728515625 0.04345703125 0.0634765625 0.0849609375
0 0.63525390625 0.46923828125 0.0927734375 0.1025390625
0 0.7763671875 0.376953125 0.083984375 0.0390625
0 0.40625 0.04541015625 0.0703125 0.0888671875
0 0.94384765625 0.1689453125 0.1103515625 0.08984375
0 0.81640625 0.734375 0.109375 0.111328125
0 0.74853515625 0.3291015625 0.0966796875 0.076171875
0 0.037109375 0.501953125 0.060546875 0.083984375
0 0.60498046875 0.3505859375 0.1259765625 0.109375
0 0.07373046875 0.447265625 0.1474609375 0.115234375
0 0.7529296875 0.76123046875 0.09375 0.0791015625
0 0.3037109375 0.708984375 0.095703125 0.16015625
0 0.830078125 0.88720703125 0.154296875 0.1630859375
0 0.33447265625 0.8544921875 0.0791015625 0.056640625
0 0.80029296875 0.06640625 0.0888671875 0.1328125
0 0.51953125 0.46630859375 0.125 0.1591796875
0 0.1318359375 0.67041015625 0.08203125 0.1552734375
0 0.98193359375 0.30908203125 0.0341796875 0.0810546875
0 0.07275390625 0.3779296875 0.0986328125 0.0703125
0 0.74853515625 0.50341796875 0.1416015625 0.0966796875
