0 0.55810546875 0.05078125 0.1962890625 0.1015625
0 0.81591796875 0.9072265625 0.1103515625 0.10546875
0 0.5869140625 0.8017578125 0.1953125 0.154296875
0 0.60205078125 0.06689453125 0.1201171875 0.1318359375
0 0.369140625 0.056640625 0.150390625 0.11328125
0 0.51416015625 0.642578125 0.0810546875 0.095703125
0 0.18603515625 0.03515625 0.0791015625 0.0703125
0 0.10595703125 0.1328125 0.0888671875 0.203125
0 0.703125 0.478515625 0.080078125 0.15625
0 0.32470703125 0.642578125 0.1337890625 0.126953125
0 0.34326171875 0.53759765625 0.1591796875 0.1201171875
0 0.91259765625 0.5732421875 0.0830078125 0.078125
0 0.9599609375 0.5078125 0.078125 0.072265625
0 0.107421875 0.61083984375 0.083984375 0.0673828125
0 0.01708984375 0.5771484375 0.0341796875 0.07421875
0 0.43896484375 0.48193359375 0.2451171875 0.0947265625
0 0.25537109375 0.384765625 0.1103515625 0.169921875
0 0.7705078125 0.654296875 0.18359375 0.083984375
0 0.84912109375 0.96142578125 0.0927734375 0.0751953125
