0 0.9501953125 0.5205078125 0.09765625 0.138671875
0 0.1904296875 0.8955078125 0.166015625 0.109375
0 0.2626953125 0.0400390625 0.18359375 0.06640625
0 0.1435546875 0.71435546875 0.109375 0.1474609375
0 0.92431640625 0.705078125 0.1494140625 0.07421875
0 0.86376953125 0.90380859375 0.0966796875 0.0888671875
0 0.7216796875 0.41162109375 0.1953125 0.0927734375
0 0.29736328125 0.8974609375 0.0888671875 0.15234375
0 0.8857421875 0.25537109375 0.201171875 0.1025390625
0 0.9384765625 0.8564453125 0.111328125 0.111328125
0 0.7802734375 0.71044921875 0.1328125 0.2099609375
0 0.83349609375 0.9697265625 0.1396484375 0.060546875
0 0.119140625 0.9248046875 0.169921875 0.150390625
0 0.6103515625 0.79833984375 0.1328125 0.0908203125
0 0.38330078125 0.1044921875 0.0810546875 0.08203125
0 0.01806640625 0.11181640625 0.0361328125 0.0751953125
0 0.54248046875 0.11572265625 0.1240234375 0.2314453125
0 0.0966796875 0.560546875 0.0859375 0.10546875
0 0.5029296875 0.68798828125 0.171875 0.1083984375
0 0.0703125 0.37646484375 0.09375 0.1162109375
0 0.1552734375 0.39990234375 0.1796875 0.1787109375
0 0.1552734375 0.7431640625 0.16796875 0.08203125
0 0.69775390625 0.81005859375 0.1416015625 0.1552734375
0 0.4453125 0.6123046875 0.15625 0.0859375
