0 0.01123046875 0.04345703125 0.0224609375 0.0869140625
0 0.52490234375 0.6484375 0.1357421875 0.177734375
0 0.5771484375 0.4521484375 0.09375 0.1015625
0 0.37646484375 0.32470703125 0.1416015625 0.1181640625
0 0.267578125 0.0263671875 0.06640625 0.048828125
0 0.72021484375 0.8662109375 0.1318359375 0.16796875
0 0.71728515625 0.26025390625 0.1162109375 0.0712890625
0 0.9755859375 0.65576171875 0.046875 0.1455078125
0 0.67578125 0.9560546875 0.044921875 0.048828125
0 0.7060546875 0.17333984375 0.115234375 0.0869140625
0 0.2080078125 0.57568359375 0.10546875 0.1728515625
0 0.42236328125 0.5185546875 0.1923828125 0.08984375
0 0.45263671875 0.35107421875 0.0693359375 0.0869140625
0 0.6083984375 0.8408203125 0.091796875 0.107421875
0 0.2626953125 0.916015625 0.146484375 0.12109375
0 0.01708984375 0.4677734375 0.0341796875 0.0703125
0 0.9677734375 0.056640625 0.064453125 0.076171875
0 0.9150390625 0.6708984375 0.078125 0.099609375
0 0.75927734375 0.06787109375 0.2861328125 0.1337890625
0 0.06396484375 0.0966796875 0.0537109375 0.109375
0 0.26953125 0.33544921875 0.09375 0.1611328125
0 0.85693359375 0.501953125 0.0947265625 0.08984375
0 0.65478515625 0.20458984375 0.0673828125 0.0830078125
0 0.88037109375 0.24169921875 0.0810546875 0.0732421875
0 0.6162109375 0.71728515625 0.087890625 0.0908203125
0 0.84130859375 0.83740234375 0.0927734375 0.1396484375
0 0.05322265625 0.82421875 0.1064453125 0.115234375
0 0.29248046875 0.3759765625 0.1337890625 0.2109375
0 0.1591796875 0.146484375 0.060546875 0.12109375
0 0.98388671875 0.25927734375 0.0322265625 0.0947265625
0 0.353515625 0.228515625 0.123046875 0.09375
0 0.845703125 0.97412109375 0.166015625 0.0517578125
0 0.37646484375 0.90478515625 0.0888671875 0.1396484375
0 0.19970703125 0.37109375 0.0791015625 0.138671875
