0 0.0458984375 0.97265625 0.091796875 0.0546875
0 0.23193359375 0.55029296875 0.0732421875 0.0908203125
0 0.85791015625 0.97607421875 0.0576171875 0.0458984375
0 0.943359375 0.5283203125 0.11328125 0.09375
0 0.12890625 0.431640625 0.08984375 0.06640625
0 0.41748046875 0.1943359375 0.0986328125 0.111328125
0 0.3115234375 0.0283203125 0.07421875 0.056640625
0 0.65478515625 0.51806640625 0.1005859375 0.0947265625
0 0.830078125 0.45654296875 0.103515625 0.1083984375
0 0.6064453125 0.138671875 0.11328125 0.1171875
0 0.0390625 0.42236328125 0.078125 0.0966796875
0 0.615234375 0.25927734375 0.037109375 0.0673828125
0 0.88916015625 0.34814453125 0.1044921875 0.1005859375
0 0.76513671875 0.5654296875 0.1044921875 0.072265625
0 0.01953125 0.01025390625 0.0390625 0.0205078125
0 0.0263671875 0.76708984375 0.052734375 0.1650390625
0 0.0322265625 0.60791015625 0.064453125 0.0654296875
0 0.83935546875 0.662109375 0.0595703125 0.06640625
0 0.06787109375 0.19189453125 0.1357421875 0.0810546875
0 0.06884765625 0.009765625 0.0732421875 0.01953125
0 0.119140625 0.50927734375 0.0625 0.1064453125
0 0.7734375 0.96240234375 0.115234375 0.0732421875
0 0.50146484375 0.55322265625 0.1474609375 0.1455078125
0 0.70361328125 0.3798828125 0.0732421875 0.06640625
0 0.978515625 0.3046875 0.04296875 0.1015625
0 0.75830078125 0.7548828125 0.0947265625 0.09765625
0 0.58935546875 0.06103515625 0.0966796875 0.0830078125
0 0.90869140625 0.6083984375 0.1220703125 0.12109375
