0 0.85791015625 0.708984375 0.0751953125 0.166015625
0 0.89990234375 0.69775390625 0.0791015625 0.1220703125
0 0.37939453125 0.77197265625 0.1494140625 0.1259765625
0 0.17822265625 0.49560546875 0.1005859375 0.1318359375
0 0.49267578125 0.38232421875 0.0927734375 0.1064453125
0 0.85888671875 0.42041015625 0.2236328125 0.1201171875
0 0.390625 0.98486328125 0.07421875 0.0263671875
0 0.05859375 0.5078125 0.1171875 0.099609375
0 0.37646484375 0.8310546875 0.0986328125 0.0859375
0 0.01416015625 0.765625 0.0283203125 0.091796875
0 0.748046875 0.94140625 0.06640625 0.115234375
0 0.34521484375 0.22900390625 0.0908203125 0.1044921875
0 0.98095703125 0.6953125 0.0361328125 0.109375
0 0.974609375 0.26416015625 0.048828125 0.1357421875
0 0.36181640625 0.04345703125 0.1142578125 0.0849609375
0 0.783203125 0.8173828125 0.078125 0.119140625
0 0.96484375 0.1513671875 0.068359375 0.10546875
0 0.9521484375 0.3359375 0.09375 0.125
0 0.28759765625 0.041015625 0.0888671875 0.080078125
0 0.03076171875 0.205078125 0.0615234375 0.205078125
0 0.4140625 0.2607421875 0.083984375 0.10546875
0 0.853515625 0.90380859375 0.189453125 0.1474609375
0 0.1923828125 0.984375 0.05859375 0.029296875
0 0.56884765625 0.498046875 0.0830078125 0.138671875
0 0.67529296875 0.69580078125 0.1025390625 0.1103515625
0 0.5986328125 0.927734375 0.095703125 0.119140625
