0 0.7685546875 0.548828125 0.111328125 0.083984375
0 0.29296875 0.2705078125 0.07421875 0.083984375
0 0.79541015625 0.09814453125 0.0732421875 0.0986328125
0 0.15283203125 0.25732421875 0.0849609375 0.1318359375
0 0.45166015625 0.31787109375 0.0830078125 0.1142578125
0 0.73046875 0.66650390625 0.080078125 0.1064453125
0 0.9697265625 0.984375 0.056640625 0.029296875
0 0.3701171875 0.7841796875 0.115234375 0.11328125
0 0.5712890625 0.70068359375 0.08203125 0.0791015625
0 0.193359375 0.10693359375 0.048828125 0.1083984375
0 0.9482421875 0.29296875 0.1015625 0.103515625
0 0.77001953125 0.9765625 0.0908203125 0.041015625
0 0.78466796875 0.41259765625 0.1123046875 0.0830078125
0 0.5185546875 0.21875 0.056640625 0.078125
0 0.42529296875 0.2294921875 0.1455078125 0.095703125
0 0.015625 0.23974609375 0.03125 0.0908203125
0 0.6142578125 0.03369140625 0.078125 0.0673828125
0 0.60400390625 0.13818359375 0.0791015625 0.1044921875
0 0.9375 0.57275390625 0.123046875 0.1083984375
0 0.88134765625 0.02099609375 0.1337890625 0.0419921875
0 0.8701171875 0.09619140625 0.107421875 0.1103515625
0 0.36328125 0.0849609375 0.1484375 0.1015625
0 0.12841796875 0.0947265625 0.1416015625 0.083984375
0 0.46630859375 0.63330078125 0.1005859375 0.0830078125
