0 0.3349609375 0.7900390625 0.1328125 0.201171875
0 0.87744140625 0.27099609375 0.0908203125 0.0986328125
0 0.404296875 0.54052734375 0.046875 0.0615234375
0 0.14697265625 0.24169921875 0.1376953125 0.0673828125
0 0.962890625 0.13525390625 0.072265625 0.0712890625
0 0.470703125 0.74072265625 0.09375 0.1162109375
0 0.9404296875 0.31396484375 0.08203125 0.1025390625
0 0.80810546875 0.16064453125 0.1201171875 0.1044921875
0 0.341796875 0.1552734375 0.07421875 0.078125
0 0.92431640625 0.962890625 0.0927734375 0.0703125
0 0.6171875 0.0625 0.103515625 0.111328125
0 0.5595703125 0.5341796875 0.095703125 0.087890625
0 0.98828125 0.2158203125 0.021484375 0.072265625
0 0.5830078125 0.1279296875 0.208984375 0.125
0 0.24609375 0.1474609375 0.095703125 0.091796875
0 0.3505859375 0.38623046875 0.095703125 0.0791015625
0 0.59716796875 0.82666015625 0.1298828125 0.1064453125
0 0.85205078125 0.9541015625 0.0927734375 0.08984375
0 0.955078125 0.048828125 0.087890625 0.09765625
0 0.04443359375 0.35888671875 0.0888671875 0.0927734375
0 0.42919921875 0.41357421875 0.0908203125 0.1123046875
0 0.5966796875 0.64111328125 0.109375 0.0888671875
0 0.98583984375 0.638671875 0.0263671875 0.0859375
0 0.5224609375 0.17724609375 0.109375 0.0712890625
0 0.4716796875 0.58740234375 0.1015625 0.0927734375
0 0.40673828125 0.830078125 0.0986328125 0.12890625
0 0.90087890625 0.02880859375 0.1259765625 0.0576171875
0 0.24951171875 0.693359375 0.1337890625 0.1171875
0 0.22314453125 0.0146484375 0.1533203125 0.029296875
0 0.826171875 0.666015625 0.0546875 0.052734375
0 0.740234375 0.43408203125 0.1171875 0.1337890625
0 0.12353515625 0.9794921875 0.0927734375 0.0390625
0 0.87646484375 0.77392578125 0.1083984375 0.1083984375
