0 0.6904296875 0.5595703125 0.103515625 0.134765625
0 0.7646484375 0.2666015625 0.083984375 0.091796875
0 0.88134765625 0.92626953125 0.0830078125 0.0908203125
0 0.65234375 0.36376953125 0.072265625 0.0791015625
0 0.44140625 0.67529296875 0.17578125 0.1591796875
0 0.24609375 0.79296875 0.107421875 0.1171875
0 0.44921875 0.6845703125 0.099609375 0.20703125
0 0.75048828125 0.62890625 0.1123046875 0.166015625
0 0.8154296875 0.01904296875 0.091796875 0.0380859375
0 0.18359375 0.0224609375 0.099609375 0.044921875
0 0.73193359375 0.6708984375 0.0986328125 0.10546875
0 0.041015625 0.76611328125 0.08203125 0.1611328125
0 0.10986328125 0.8212890625 0.0986328125 0.115234375
0 0.74658203125 0.85595703125 0.1162109375 0.1396484375
0 0.71240234375 0.79833984375 0.1416015625 0.1298828125
0 0.2841796875 0.9365234375 0.09765625 0.126953125
0 0.91748046875 0.53662109375 0.1044921875 0.1884765625
0 0.8349609375 0.357421875 0.08984375 0.10546875
0 0.8076171875 0.9482421875 0.06640625 0.103515625
0 0.60595703125 0.54248046875 0.0947265625 0.1162109375
0 0.2685546875 0.6259765625 0.1171875 0.115234375
0 0.0439453125 0.40283203125 0.087890625 0.0869140625
0 0.048828125 0.15478515625 0.09765625 0.0947265625
0 0.16943359375 0.7607421875 0.1318359375 0.1171875
0 0.1572265625 0.62646484375 0.099609375 0.0615234375
0 0.6298828125 0.96923828125 0.134765625 0.0615234375
0 0.94482421875 0.7998046875 0.1103515625 0.1796875
