0 0.90087890625 0.048828125 0.1806640625 0.09765625
0 0.04736328125 0.37353515625 0.0947265625 0.1708984375
0 0.8740234375 0.29638671875 0.162109375 0.2001953125
0 0.1279296875 0.42236328125 0.099609375 0.1220703125
0 0.7470703125 0.98388671875 0.140625 0.0302734375
0 0.265625 0.92724609375 0.15234375 0.0830078125
0 0.96923828125 0.17041015625 0.0595703125 0.1826171875
0 0.73779296875 0.4169921875 0.0869140625 0.080078125
0 0.09521484375 0.9404296875 0.1064453125 0.09765625
0 0.318359375 0.15380859375 0.091796875 0.0888671875
0 0.47802734375 0.2138671875 0.1103515625 0.240234375
0 0.025390625 0.01025390625 0.05078125 0.0185546875
0 0.89892578125 0.658203125 0.2001953125 0.083984375
0 0.5576171875 0.95654296875 0.09375 0.0810546875
0 0.86474609375 0.3125 0.1611328125 0.076171875
0 0.783203125 0.11767578125 0.1328125 0.1650390625
0 0.33984375 0.0439453125 0.091796875 0.087890625
0 0.91455078125 0.826171875 0.1044921875 0.146484375
0 0.35986328125 0.5751953125 0.1455078125 0.173828125
0 0.357421875 0.96240234375 0.134765625 0.0693359375
0 0.7861328125 0.8408203125 0.107421875 0.07421875
