0 0.494140625 0.32080078125 0.1015625 0.1162109375
0 0.6630859375 0.59423828125 0.16015625 0.0908203125
0 0.7626953125 0.1064453125 0.123046875 0.1640625
0 0.82177734375 0.49462890625 0.0654296875 0.0693359375
0 0.69189453125 0.71142578125 0.0888671875 0.0810546875
0 0.92822265625 0.5791015625 0.1416015625 0.140625
0 0.41064453125 0.42578125 0.1005859375 0.0625
0 0.88671875 0.0751953125 0.126953125 0.134765625
0 0.58837890625 0.990234375 0.0673828125 0.017578125
0 0.73583984375 0.49169921875 0.1240234375 0.2021484375
0 0.66162109375 0.82275390625 0.0654296875 0.0400390625
0 0.54736328125 0.70556640625 0.1064453125 0.1005859375
0 0.96923828125 0.17822265625 0.0595703125 0.0810546875
0 0.216796875 0.24755859375 0.09375 0.0947265625
0 0.60693359375 0.5 0.1416015625 0.13671875
0 0.48681640625 0.53955078125 0.1064453125 0.0888671875
0 0.24755859375 0.14794921875 0.1416015625 0.1943359375
0 0.07080078125 0.93994140625 0.1357421875 0.0947265625
0 0.36474609375 0.90869140625 0.1083984375 0.1005859375
0 0.8017578125 0.05810546875 0.115234375 0.1123046875
0 0.50927734375 0.66357421875 0.1201171875 0.0888671875
