0 0.232421875 0.74462890625 0.0703125 0.1201171875
0 0.9033203125 0.57373046875 0.08984375 0.1708984375
0 0.578125 0.951171875 0.138671875 0.095703125
0 0.53369140625 0.51025390625 0.0947265625 0.1044921875
0 0.9326171875 0.2529296875 0.1328125 0.095703125
0 0.0458984375 0.45703125 0.091796875 0.080078125
0 0.220703125 0.94287109375 0.107421875 0.1025390625
0 0.62353515625 0.060546875 0.0888671875 0.119140625
0 0.20849609375 0.33544921875 0.1162109375 0.2041015625
0 0.73583984375 0.72802734375 0.1474609375 0.0771484375
0 0.40283203125 0.63330078125 0.1572265625 0.0947265625
0 0.0751953125 0.90625 0.083984375 0.0703125
0 0.69140625 0.97509765625 0.115234375 0.0478515625
0 0.140625 0.736328125 0.078125 0.076171875
0 0.32470703125 0.93896484375 0.0615234375 0.0966796875
0 0.890625 0.83349609375 0.216796875 0.1123046875
0 0.39013671875 0.5439453125 0.0654296875 0.05859375
0 0.09765625 0.82421875 0.09375 0.12109375
0 0.41943359375 0.90087890625 0.1572265625 0.0849609375
0 0.0390625 0.9609375 0.078125 0.076171875
0 0.16015625 0.6884765625 0.1171875 0.091796875
0 0.00830078125 0.27294921875 0.0166015625 0.0751953125
0 0.68310546875 0.63720703125 0.0908203125 0.1611328125
0 0.56884765625 0.2802734375 0.2314453125 0.240234375
0 0.2529296875 0.47216796875 0.09375 0.1826171875
0 0.7080078125 0.04443359375 0.08203125 0.0849609375
0 0.64501953125 0.35986328125 0.1533203125 0.0830078125
