0 0.498046875 0.81640625 0.154296875 0.126953125
0 0.04638671875 0.78564453125 0.0869140625 0.1123046875
0 0.78857421875 0.67041015625 0.0869140625 0.1826171875
0 0.92822265625 0.306640625 0.1416015625 0.125
0 0.7666015625 0.31396484375 0.216796875 0.1201171875
0 0.3154296875 0.02978515625 0.0703125 0.0556640625
0 0.501953125 0.76416015625 0.1328125 0.0986328125
0 0.79638671875 0.94775390625 0.0810546875 0.0810546875
0 0.27880859375 0.1396484375 0.1103515625 0.095703125
0 0.6650390625 0.38623046875 0.216796875 0.1572265625
0 0.26025390625 0.2900390625 0.1630859375 0.13671875
0 0.412109375 0.6083984375 0.103515625 0.0703125
0 0.39892578125 0.546875 0.0791015625 0.0703125
0 0.70947265625 0.97509765625 0.0732421875 0.0498046875
0 0.19482421875 0.77685546875 0.1044921875 0.0849609375
0 0.7998046875 0.8203125 0.08984375 0.138671875
0 0.49755859375 0.41845703125 0.2177734375 0.1123046875
0 0.14111328125 0.68408203125 0.1044921875 0.1376953125
0 0.60791015625 0.6044921875 0.1552734375 0.095703125
0 0.56494140625 0.18408203125 0.0791015625 0.1943359375
0 0.71337890625 0.916015625 0.0771484375 0.08203125
0 0.96630859375 0.71826171875 0.0654296875 0.0966796875
0 0.3642578125 0.70361328125 0.119140625 0.1494140625
0 0.986328125 0.0888671875 0.025390625 0.078125
0 0.142578125 0.708984375 0.14453125 0.09765625
0 0.763671875 0.10400390625 0.17578125 0.0751953125
0 0.7080078125 0.77685546875 0.0703125 0.1044921875
0 0.0556640625 0.6015625 0.111328125 0.1015625
0 0.14990234375 0.25732421875 0.1572265625 0.0791015625
0 0.162109375 0.42333984375 0.1875 0.0771484375
0 0.9599609375 0.205078125 0.072265625 0.083984375
0 0.6552734375 0.8974609375 0.080078125 0.07421875
