0 0.5498046875 0.55908203125 0.109375 0.0849609375
0 0.255859375 0.6015625 0.109375 0.095703125
0 0.7900390625 0.97216796875 0.115234375 0.0517578125
0 0.181640625 0.3427734375 0.23046875 0.10546875
0 0.31591796875 0.4326171875 0.0888671875 0.072265625
0 0.693359375 0.0908203125 0.12109375 0.099609375
0 0.95068359375 0.400390625 0.0966796875 0.111328125
0 0.81787109375 0.19140625 0.1572265625 0.087890625
0 0.4462890625 0.5869140625 0.083984375 0.18359375
0 0.59814453125 0.46337890625 0.1181640625 0.1259765625
0 0.35107421875 0.60400390625 0.1162109375 0.1572265625
0 0.76123046875 0.73193359375 0.1494140625 0.0908203125
0 0.8623046875 0.056640625 0.083984375 0.107421875
0 0.6513671875 0.95458984375 0.115234375 0.0869140625
0 0.2685546875 0.048828125 0.083984375 0.095703125
0 0.89892578125 0.32080078125 0.1103515625 0.1064453125
0 0.2626953125 0.80029296875 0.11328125 0.0888671875
0 0.4541015625 0.80810546875 0.107421875 0.1259765625
0 0.82470703125 0.60498046875 0.1240234375 0.1298828125
0 0.05908203125 0.16796875 0.1181640625 0.09765625
