0 0.53662109375 0.873046875 0.0966796875 0.177734375
0 0.17236328125 0.37353515625 0.0888671875 0.1552734375
0 0.67138671875 0.02880859375 0.0498046875 0.0576171875
0 0.04248046875 0.0263671875 0.0673828125 0.052734375
0 0.4345703125 0.77392578125 0.115234375 0.1025390625
0 0.73876953125 0.14453125 0.1005859375 0.158203125
0 0.38720703125 0.6513671875 0.1708984375 0.15625
0 0.07421875 0.8603515625 0.095703125 0.1484375
0 0.880859375 0.3056640625 0.150390625 0.078125
0 0.90283203125 0.1396484375 0.0966796875 0.09375
0 0.8681640625 0.5380859375 0.111328125 0.138671875
0 0.03466796875 0.8046875 0.0693359375 0.130859375
0 0.6474609375 0.6611328125 0.12890625 0.11328125
0 0.2958984375 0.458984375 0.087890625 0.11328125
0 0.96923828125 0.1455078125 0.0595703125 0.162109375
0 0.85498046875 0.9560546875 0.0693359375 0.0859375
0 0.71728515625 0.54296875 0.1708984375 0.173828125
0 0.52490234375 0.98046875 0.1064453125 0.037109375
0 0.97412109375 0.70263671875 0.0517578125 0.2412109375
0 0.66796875 0.38232421875 0.1015625 0.1025390625
0 0.939453125 0.97265625 0.07421875 0.048828125
0 0.03271484375 0.41796875 0.0654296875 0.1328125
0 0.50146484375 0.4755859375 0.1201171875 0.236328125
0 0.81494140625 0.34619140625 0.2021484375 0.1396484375
0 0.68603515625 0.97216796875 0.0947265625 0.0478515625
0 0.3623046875 0.9736328125 0.08984375 0.05078125
0 0.63134765625 0.25927734375 0.1513671875 0.1630859375
0 0.33154296875 0.83935546875 0.1025390625 0.2548828125
0 0.13818359375 0.77001953125 0.1142578125 0.2353515625
0 0.83935546875 0.23486328125 0.0810546875 0.1884765625
0 0.79052734375 0.06103515625 0.1103515625 0.1201171875
