0 0.36669921875 0.81103515625 0.0791015625 0.1142578125
0 0.06640625 0.515625 0.1328125 0.083984375
0 0.5576171875 0.50146484375 0.087890625 0.0712890625
0 0.70166015625 0.8271484375 0.0615234375 0.091796875
0 0.0654296875 0.2412109375 0.11328125 0.125
0 0.1962890625 0.751953125 0.04296875 0.046875
0 0.3291015625 0.1650390625 0.0625 0.078125
0 0.765625 0.88134765625 0.09765625 0.1376953125
0 0.55615234375 0.7900390625 0.0771484375 0.091796875
0 0.87109375 0.498046875 0.078125 0.0625
0 0.9501953125 0.69580078125 0.091796875 0.1103515625
0 0.43603515625 0.55712890625 0.1044921875 0.0830078125
0 0.24072265625 0.89208984375 0.0849609375 0.1279296875
0 0.3544921875 0.54736328125 0.06640625 0.0751953125
0 0.91650390625 0.62353515625 0.0751953125 0.0771484375
0 0.93798828125 0.89892578125 0.1162109375 0.1123046875
0 0.92578125 0.74169921875 0.072265625 0.1142578125
0 0.9736328125 0.34765625 0.05078125 0.0859375
0 0.10107421875 0.95947265625 0.0810546875 0.0791015625
0 0.0751953125 0.80126953125 0.0625 0.0927734375
0 0.09130859375 0.04248046875 0.0791015625 0.0654296875
0 0.43212890625 0.2333984375 0.0732421875 0.09765625
0 0.4189453125 0.01708984375 0.060546875 0.0341796875
0 0.6953125 0.61865234375 0.09765625 0.0849609375
0 0.462890625 0.82421875 0.08203125 0.109375
0 0.46142578125 0.7275390625 0.1318359375 0.1015625
0 0.8359375 0.73095703125 0.076171875 0.1123046875
0 0.7275390625 0.986328125 0.064453125 0.02734375
0 0.02783203125 0.16455078125 0.0556640625 0.0732421875
0 0.34814453125 0.72021484375 0.1025390625 0.0966796875
0 0.0751953125 0.6396484375 0.126953125 0.095703125
0 0.59619140625 0.88671875 0.0927734375 0.177734375
0 0.76318359375 0.69775390625 0.0732421875 0.0751953125
0 0.0419921875 0.57958984375 0.083984375 0.0986328125
0 0.40380859375 0.37890625 0.0771484375 0.087890625
0 0.22314453125 0.9794921875 0.0810546875 0.037109375
0 0.29150390625 0.29931640625 0.0927734375 0.0849609375
0 0.357421875 0.09423828125 0.080078125 0.0810546875
