0 0.7724609375 0.3154296875 0.1328125 0.1328125
0 0.2802734375 0.22802734375 0.068359375 0.1357421875
0 0.44140625 0.97216796875 0.115234375 0.0537109375
0 0.81591796875 0.396484375 0.0927734375 0.076171875
0 0.3779296875 0.66064453125 0.12109375 0.1181640625
0 0.93505859375 0.27001953125 0.0830078125 0.0693359375
0 0.44677734375 0.2548828125 0.0556640625 0.06640625
0 0.7529296875 0.8544921875 0.1015625 0.1171875
0 0.87451171875 0.533203125 0.0908203125 0.091796875
0 0.619140625 0.77392578125 0.1484375 0.0888671875
0 0.33251953125 0.603515625 0.1318359375 0.15234375
0 0.0625 0.9716796875 0.125 0.052734375
0 0.85107421875 0.94189453125 0.1142578125 0.0869140625
0 0.91552734375 0.19775390625 0.1201171875 0.0947265625
0 0.95166015625 0.880859375 0.0947265625 0.10546875
0 0.96728515625 0.498046875 0.0634765625 0.0859375
0 0.5478515625 0.93115234375 0.119140625 0.1181640625
0 0.47216796875 0.2939453125 0.1455078125 0.1484375
0 0.56982421875 0.33740234375 0.1982421875 0.1767578125
0 0.0615234375 0.94873046875 0.08203125 0.0693359375
0 0.3115234375 0.8369140625 0.087890625 0.1171875
0 0.38916015625 0.52099609375 0.1259765625 0.0791015625
0 0.22607421875 0.7099609375 0.0986328125 0.12109375
0 0.52197265625 0.55224609375 0.1064453125 0.1103515625
0 0.52197265625 0.19384765625 0.1220703125 0.1337890625
0 0.43017578125 0.49072265625 0.0830078125 0.0712890625
