0 0.4111328125 0.8212890625 0.109375 0.095703125
0 0.248046875 0.66552734375 0.076171875 0.0791015625
0 0.81591796875 0.12158203125 0.1318359375 0.1142578125
0 0.25439453125 0.08349609375 0.1708984375 0.0888671875
0 0.6884765625 0.66796875 0.068359375 0.099609375
0 0.4296875 0.0283203125 0.0625 0.056640625
0 0.5927734375 0.39208984375 0.119140625 0.1123046875
0 0.72705078125 0.4951171875 0.0966796875 0.09765625
0 0.15234375 0.31884765625 0.10546875 0.0908203125
0 0.0615234375 0.5517578125 0.07421875 0.099609375
0 0.70263671875 0.72509765625 0.1259765625 0.0966796875
0 0.52783203125 0.3974609375 0.0869140625 0.078125
0 0.28271484375 0.8349609375 0.0673828125 0.119140625
0 0.87744140625 0.55859375 0.1083984375 0.083984375
0 0.01904296875 0.2841796875 0.0380859375 0.103515625
0 0.02783203125 0.6630859375 0.0556640625 0.07421875
0 0.1630859375 0.66796875 0.060546875 0.068359375
0 0.48193359375 0.73046875 0.0986328125 0.078125
0 0.70166015625 0.97802734375 0.1064453125 0.0400390625
0 0.3818359375 0.12939453125 0.0703125 0.0869140625
0 0.3291015625 0.9580078125 0.09375 0.08203125
0 0.88818359375 0.91162109375 0.0927734375 0.1240234375
0 0.03369140625 0.74169921875 0.0673828125 0.1142578125
0 0.548828125 0.05078125 0.083984375 0.1015625
0 0.431640625 0.58935546875 0.08203125 0.1123046875
0 0.2109375 0.13818359375 0.111328125 0.1435546875
0 0.11279296875 0.1611328125 0.1005859375 0.140625
