0 0.0537109375 0.8701171875 0.10546875 0.142578125
0 0.84375 0.51708984375 0.193359375 0.1474609375
0 0.7939453125 0.626953125 0.1171875 0.09375
0 0.65234375 0.44970703125 0.2265625 0.1826171875
0 0.49267578125 0.3515625 0.1513671875 0.08984375
0 0.294921875 0.66064453125 0.1015625 0.0966796875
0 0.08544921875 0.32421875 0.1708984375 0.087890625
0 0.19921875 0.7802734375 0.25 0.126953125
0 0.6171875 0.59521484375 0.232421875 0.1005859375
0 0.283203125 0.53271484375 0.109375 0.1572265625
0 0.09375 0.5400390625 0.10546875 0.078125
0 0.21044921875 0.5625 0.1005859375 0.1640625
0 0.45849609375 0.68798828125 0.0771484375 0.2099609375
0 0.59375 0.9482421875 0.201171875 0.1015625
0 0.94580078125 0.67919921875 0.0830078125 0.1689453125
0 0.875 0.73583984375 0.123046875 0.1630859375
0 0.9384765625 0.13916015625 0.12109375 0.1044921875
0 0.82421875 0.90087890625 0.09375 0.1689453125
0 0.38427734375 0.93212890625 0.0947265625 0.1318359375
0 0.37890625 0.0341796875 0.08984375 0.068359375
0 0.76708984375 0.046875 0.1474609375 0.091796875
0 0.8232421875 0.37548828125 0.18359375 0.1044921875
