0 0.947265625 0.78955078125 0.080078125 0.0751953125
0 0.16796875 0.17529296875 0.080078125 0.0771484375
0 0.23876953125 0.248046875 0.2919921875 0.11328125
0 0.142578125 0.57568359375 0.12890625 0.0830078125
0 0.234375 0.06884765625 0.107421875 0.1376953125
0 0.466796875 0.4814453125 0.095703125 0.103515625
0 0.9091796875 0.73388671875 0.099609375 0.0791015625
0 0.0537109375 0.94921875 0.080078125 0.099609375
0 0.0244140625 0.35693359375 0.048828125 0.1181640625
0 0.64501953125 0.046875 0.0654296875 0.091796875
0 0.89404296875 0.0302734375 0.1025390625 0.060546875
0 0.68603515625 0.5234375 0.0888671875 0.0859375
0 0.97119140625 0.3603515625 0.0556640625 0.10546875
0 0.6328125 0.8427734375 0.099609375 0.087890625
0 0.5478515625 0.3984375 0.09375 0.072265625
0 0.14208984375 0.3779296875 0.1064453125 0.09375
0 0.283203125 0.4365234375 0.169921875 0.111328125
0 0.15380859375 0.7734375 0.0830078125 0.076171875
0 0.1181640625 0.02978515625 0.0703125 0.0576171875
0 0.18408203125 0.8251953125 0.2197265625 0.107421875
0 0.78466796875 0.76513671875 0.0830078125 0.0732421875
0 0.27978515625 0.58544921875 0.1435546875 0.1298828125
0 0.72216796875 0.8095703125 0.1220703125 0.099609375
0 0.24267578125 0.5146484375 0.0771484375 0.060546875
0 0.58544921875 0.56494140625 0.0673828125 0.0712890625
0 0.26513671875 0.345703125 0.1083984375 0.109375
