0 0.66015625 0.158203125 0.142578125 0.0546875
0 0.37841796875 0.0439453125 0.0791015625 0.087890625
0 0.970703125 0.96533203125 0.0546875 0.0693359375
0 0.59912109375 0.5390625 0.1103515625 0.146484375
0 0.552734375 0.89208984375 0.083984375 0.1396484375
0 0.365234375 0.96875 0.083984375 0.0625
0 0.28076171875 0.4990234375 0.1298828125 0.099609375
0 0.73486328125 0.57666015625 0.1044921875 0.1103515625
0 0.26708984375 0.9248046875 0.0966796875 0.138671875
0 0.0234375 0.3466796875 0.04296875 0.0546875
0 0.0693359375 0.068359375 0.138671875 0.134765625
0 0.5576171875 0.03857421875 0.072265625 0.0751953125
0 0.20263671875 0.03076171875 0.0595703125 0.0615234375
0 0.720703125 0.39013671875 0.2421875 0.1552734375
0 0.1044921875 0.185546875 0.10546875 0.134765625
0 0.96240234375 0.9033203125 0.0654296875 0.09765625
0 0.0341796875 0.1982421875 0.068359375 0.1484375
0 0.306640625 0.59765625 0.09375 0.134765625
0 0.64501953125 0.64794921875 0.1982421875 0.1025390625
0 0.26806640625 0.72900390625 0.1142578125 0.1533203125
0 0.72607421875 0.697265625 0.1669921875 0.091796875
0 0.8447265625 0.076171875 0.173828125 0.150390625
0 0.9443359375 0.646484375 0.109375 0.15234375
0 0.54443359375 0.9580078125 0.1689453125 0.083984375
0 0.53173828125 0.2158203125 0.1201171875 0.126953125
