0 0.86865234375 0.3271484375 0.0556640625 0.064453125
0 0.798828125 0.45263671875 0.099609375 0.0849609375
0 0.74853515625 0.953125 0.0810546875 0.072265625
0 0.39404296875 0.33447265625 0.0791015625 0.1005859375
0 0.83203125 0.9736328125 0.07421875 0.05078125
0 0.3408203125 0.18701171875 0.099609375 0.0869140625
0 0.88232421875 0.2294921875 0.0908203125 0.1328125
0 0.109375 0.72802734375 0.06640625 0.0830078125
0 0.75830078125 0.55810546875 0.0283203125 0.0380859375
0 0.689453125 0.41064453125 0.05859375 0.0537109375
0 0.0478515625 0.7060546875 0.095703125 0.09375
0 0.3681640625 0.82373046875 0.08984375 0.1083984375
0 0.8935546875 0.6767578125 0.083984375 0.0625
0 0.65283203125 0.07177734375 0.1044921875 0.1083984375
0 0.33203125 0.0439453125 0.0859375 0.08203125
0 0.7646484375 0.28466796875 0.060546875 0.0673828125
0 0.94775390625 0.96923828125 0.0732421875 0.0615234375
0 0.2373046875 0.72216796875 0.11328125 0.1318359375
0 0.12744140625 0.26416015625 0.1201171875 0.0791015625
0 0.96923828125 0.6162109375 0.0595703125 0.068359375
0 0.97509765625 0.41162109375 0.0478515625 0.0888671875
0 0.37646484375 0.42041015625 0.0751953125 0.0654296875
0 0.89794921875 0.86279296875 0.0732421875 0.0927734375
0 0.4423828125 0.39306640625 0.080078125 0.0751953125
0 0.017578125 0.2255859375 0.03515625 0.0703125
0 0.9755859375 0.68359375 0.044921875 0.0546875
0 0.0615234375 0.513671875 0.10546875 0.08203125
0 0.080078125 0.58251953125 0.095703125 0.0927734375
0 0.92138671875 0.73779296875 0.0537109375 0.0712890625
0 0.58447265625 0.76611328125 0.0947265625 0.1103515625
0 0.53076171875 0.921875 0.0673828125 0.060546875
0 0.5751953125 0.0849609375 0.060546875 0.048828125
0 0.33154296875 0.9609375 0.0673828125 0.07421875
