0 0.51171875 0.01904296875 0.09375 0.0341796875
0 0.91357421875 0.23046875 0.0693359375 0.142578125
0 0.181640625 0.49072265625 0.125 0.1005859375
0 0.951171875 0.4208984375 0.078125 0.095703125
0 0.62646484375 0.86328125 0.1201171875 0.09765625
0 0.6103515625 0.271484375 0.07421875 0.08984375
0 0.06396484375 0.85693359375 0.0986328125 0.1005859375
0 0.83837890625 0.3037109375 0.1181640625 0.115234375
0 0.9462890625 0.9384765625 0.095703125 0.1015625
0 0.82421875 0.9609375 0.109375 0.078125
0 0.42626953125 0.30810546875 0.1044921875 0.1611328125
0 0.10400390625 0.03173828125 0.0966796875 0.0634765625
0 0.04052734375 0.3330078125 0.0810546875 0.0703125
0 0.1806640625 0.775390625 0.046875 0.07421875
0 0.833984375 0.26611328125 0.162109375 0.0810546875
0 0.44482421875 0.7265625 0.1337890625 0.18359375
0 0.09814453125 0.451171875 0.0849609375 0.095703125
0 0.29931640625 0.35546875 0.0634765625 0.09375
0 0.1220703125 0.220703125 0.09375 0.046875
0 0.15576171875 0.85302734375 0.0673828125 0.0849609375
0 0.833984375 0.7119140625 0.091796875 0.166015625
0 0.30908203125 0.43798828125 0.0830078125 0.0615234375
0 0.45361328125 0.52294921875 0.0634765625 0.0654296875
0 0.49755859375 0.197265625 0.0947265625 0.11328125
0 0.39599609375 0.4423828125 0.0810546875 0.0703125
0 0.2998046875 0.3193359375 0.087890625 0.138671875
0 0.05126953125 0.62744140625 0.0654296875 0.1025390625
0 0.2119140625 0.09521484375 0.072265625 0.1865234375
0 0.10498046875 0.2900390625 0.0869140625 0.1328125
