0 0.6162109375 0.2041015625 0.08984375 0.109375
0 0.95849609375 0.1845703125 0.0810546875 0.142578125
0 0.93701171875 0.76416015625 0.1240234375 0.0927734375
0 0.50341796875 0.45703125 0.0810546875 0.111328125
0 0.8359375 0.9716796875 0.09765625 0.048828125
0 0.40576171875 0.6982421875 0.0908203125 0.091796875
0 0.8935546875 0.0302734375 0.087890625 0.060546875
0 0.9736328125 0.044921875 0.05078125 0.08984375
0 0.357421875 0.322265625 0.115234375 0.087890625
0 0.1142578125 0.91064453125 0.1015625 0.1572265625
0 0.28076171875 0.896484375 0.1279296875 0.1015625
0 0.966796875 0.9306640625 0.064453125 0.095703125
