0 0.15576171875 0.14208984375 0.1201171875 0.1201171875
0 0.63623046875 0.78955078125 0.0966796875 0.1005859375
0 0.50927734375 0.33349609375 0.0888671875 0.0966796875
0 0.8095703125 0.078125 0.095703125 0.103515625
0 0.65185546875 0.353515625 0.1865234375 0.15234375
0 0.34326171875 0.873046875 0.1142578125 0.09765625
0 0.95361328125 0.50732421875 0.0791015625 0.0849609375
0 0.40869140625 0.138671875 0.0771484375 0.080078125
0 0.39111328125 0.529296875 0.1376953125 0.107421875
0 0.06884765625 0.6650390625 0.0986328125 0.13671875
0 0.96435546875 0.373046875 0.0673828125 0.14453125
0 0.68408203125 0.701171875 0.1435546875 0.103515625
0 0.01904296875 0.79345703125 0.0380859375 0.1142578125
0 0.1943359375 0.71435546875 0.154296875 0.1259765625
0 0.04638671875 0.18798828125 0.0927734375 0.1533203125
0 0.25537109375 0.35693359375 0.0908203125 0.0732421875
0 0.3828125 0.63232421875 0.111328125 0.0947265625
0 0.2578125 0.7109375 0.083984375 0.078125
0 0.98486328125 0.74267578125 0.0283203125 0.1416015625
0 0.39453125 0.462890625 0.099609375 0.087890625
0 0.14404296875 0.9248046875 0.1806640625 0.09375
0 0.56103515625 0.57763671875 0.1455078125 0.1318359375
0 0.1298828125 0.32958984375 0.115234375 0.0908203125
0 0.62353515625 0.63330078125 0.0673828125 0.0615234375
0 0.6064453125 0.4267578125 0.107421875 0.09375
