0 0.66552734375 0.28125 0.1552734375 0.111328125
0 0.599609375 0.08984375 0.12109375 0.09765625
0 0.39208984375 0.81201171875 0.1474609375 0.1181640625
0 0.55712890625 0.7890625 0.0869140625 0.1015625
0 0.9130859375 0.029296875 0.09375 0.056640625
0 0.875 0.12548828125 0.07421875 0.1240234375
0 0.84326171875 0.5205078125 0.0673828125 0.083984375
0 0.18603515625 0.10693359375 0.0947265625 0.0947265625
0 0.96875 0.59521484375 0.060546875 0.1025390625
0 0.26904296875 0.93212890625 0.1162109375 0.1298828125
0 0.8779296875 0.6083984375 0.091796875 0.083984375
0 0.970703125 0.0244140625 0.056640625 0.044921875
0 0.87158203125 0.07275390625 0.0908203125 0.0927734375
0 0.9296875 0.25732421875 0.10546875 0.1357421875
0 0.04248046875 0.451171875 0.0849609375 0.12109375
0 0.33251953125 0.88525390625 0.0751953125 0.0810546875
0 0.92578125 0.81982421875 0.078125 0.2255859375
0 0.666015625 0.794921875 0.078125 0.1015625
0 0.83056640625 0.91650390625 0.0712890625 0.0693359375
0 0.93505859375 0.9794921875 0.0615234375 0.0390625
