0 0.3525390625 0.13818359375 0.103515625 0.0986328125
0 0.54052734375 0.5830078125 0.0751953125 0.091796875
0 0.80126953125 0.853515625 0.1318359375 0.076171875
0 0.18603515625 0.6123046875 0.1298828125 0.078125
0 0.93603515625 0.8818359375 0.1220703125 0.099609375
0 0.708984375 0.1962890625 0.080078125 0.21875
0 0.27001953125 0.95947265625 0.1650390625 0.0751953125
0 0.17041015625 0.283203125 0.0751953125 0.107421875
0 0.27685546875 0.07373046875 0.0751953125 0.0849609375
0 0.14404296875 0.666015625 0.1376953125 0.072265625
0 0.17822265625 0.47998046875 0.1044921875 0.1123046875
0 0.68994140625 0.57421875 0.0986328125 0.07421875
0 0.80322265625 0.0390625 0.0947265625 0.072265625
0 0.3115234375 0.6796875 0.08984375 0.080078125
0 0.26904296875 0.56884765625 0.0947265625 0.0869140625
0 0.22802734375 0.83544921875 0.2255859375 0.1416015625
0 0.83935546875 0.13916015625 0.0869140625 0.1513671875
0 0.7822265625 0.4833984375 0.15625 0.111328125
0 0.7646484375 0.646484375 0.107421875 0.1015625
0 0.0244140625 0.04736328125 0.048828125 0.0791015625
0 0.70166015625 0.748046875 0.1162109375 0.111328125
0 0.58740234375 0.47705078125 0.0712890625 0.0673828125
0 0.11181640625 0.93505859375 0.0986328125 0.0751953125
0 0.85595703125 0.96826171875 0.1044921875 0.0595703125
0 0.41162109375 0.94677734375 0.1435546875 0.1025390625
0 0.93408203125 0.349609375 0.1298828125 0.107421875
0 0.6181640625 0.337890625 0.087890625 0.078125
0 0.0732421875 0.5390625 0.0859375 0.087890625
0 0.8037109375 0.7744140625 0.0859375 0.080078125
