0 0.0546875 0.7626953125 0.109375 0.240234375
0 0.7353515625 0.86328125 0.109375 0.142578125
0 0.59130859375 0.99072265625 0.0732421875 0.0146484375
0 0.91845703125 0.13232421875 0.1611328125 0.1201171875
0 0.42919921875 0.142578125 0.1279296875 0.18359375
0 0.041015625 0.2099609375 0.08203125 0.1640625
0 0.13427734375 0.431640625 0.2236328125 0.140625
0 0.302734375 0.39404296875 0.18359375 0.2236328125
0 0.5751953125 0.80078125 0.142578125 0.109375
0 0.98486328125 0.38818359375 0.0283203125 0.1083984375
0 0.5771484375 0.37548828125 0.078125 0.1279296875
0 0.62060546875 0.89013671875 0.1474609375 0.1005859375
0 0.0205078125 0.4609375 0.041015625 0.111328125
0 0.30322265625 0.4736328125 0.1708984375 0.1328125
0 0.3203125 0.32958984375 0.169921875 0.2177734375
