0 0.89208984375 0.091796875 0.2158203125 0.18359375
0 0.45166015625 0.625 0.0927734375 0.15234375
0 0.3310546875 0.7353515625 0.150390625 0.1640625
0 0.314453125 0.4541015625 0.078125 0.115234375
0 0.54541015625 0.84912109375 0.0966796875 0.0810546875
0 0.11572265625 0.79443359375 0.0908203125 0.0732421875
0 0.28955078125 0.5341796875 0.1025390625 0.119140625
0 0.44189453125 0.46435546875 0.1416015625 0.1357421875
0 0.90478515625 0.5830078125 0.1884765625 0.099609375
0 0.05859375 0.7626953125 0.083984375 0.162109375
0 0.53515625 0.015625 0.091796875 0.03125
0 0.962890625 0.18798828125 0.072265625 0.1279296875
0 0.23876953125 0.92041015625 0.0966796875 0.1318359375
0 0.45703125 0.89794921875 0.15234375 0.0830078125
0 0.04052734375 0.3408203125 0.0810546875 0.134765625
0 0.0537109375 0.62548828125 0.09375 0.1455078125
0 0.66845703125 0.43408203125 0.1376953125 0.0849609375
0 0.513671875 0.63134765625 0.130859375 0.1396484375
