0 0.83349609375 0.6962890625 0.1201171875 0.099609375
0 0.71337890625 0.26318359375 0.0712890625 0.1005859375
0 0.48388671875 0.21435546875 0.0849609375 0.0732421875
0 0.02734375 0.697265625 0.0546875 0.103515625
0 0.44921875 0.39306640625 0.048828125 0.0693359375
0 0.1640625 0.39208984375 0.083984375 0.0751953125
0 0.06103515625 0.95849609375 0.1220703125 0.0810546875
0 0.38916015625 0.15185546875 0.0439453125 0.0673828125
0 0.05615234375 0.26220703125 0.0771484375 0.0576171875
0 0.97314453125 0.48876953125 0.0517578125 0.0595703125
0 0.6982421875 0.45068359375 0.0859375 0.1103515625
0 0.0810546875 0.09912109375 0.0625 0.0712890625
0 0.900390625 0.3564453125 0.11328125 0.123046875
0 0.140625 0.1865234375 0.064453125 0.064453125
0 0.60009765625 0.84765625 0.0751953125 0.0859375
0 0.10009765625 0.7255859375 0.0849609375 0.10546875
0 0.68798828125 0.97998046875 0.0888671875 0.0380859375
0 0.93603515625 0.80859375 0.1064453125 0.158203125
0 0.33154296875 0.1005859375 0.0791015625 0.12109375
0 0.560546875 0.8720703125 0.080078125 0.173828125
0 0.353515625 0.958984375 0.09375 0.080078125
0 0.267578125 0.076171875 0.07421875 0.095703125
0 0.44140625 0.78857421875 0.099609375 0.0849609375
0 0.35107421875 0.42529296875 0.1650390625 0.0908203125
0 0.77880859375 0.56591796875 0.0732421875 0.0732421875
0 0.08544921875 0.17822265625 0.0751953125 0.0810546875
0 0.9638671875 0.27587890625 0.0703125 0.0888671875
0 0.50927734375 0.26513671875 0.0966796875 0.0712890625
0 0.04052734375 0.1953125 0.0810546875 0.0625
0 0.693359375 0.87744140625 0.103515625 0.1025390625
0 0.49853515625 0.4814453125 0.1279296875 0.0703125
0 0.14306640625 0.869140625 0.1376953125 0.158203125
0 0.0400390625 0.85595703125 0.080078125 0.0732421875
0 0.216796875 0.53955078125 0.076171875 0.0732421875
0 0.353515625 0.50390625 0.072265625 0.064453125
0 0.841796875 0.515625 0.0703125 0.09765625
0 0.19921875 0.74365234375 0.056640625 0.1123046875
0 0.56494140625 0.3095703125 0.0732421875 0.08203125
0 0.01953125 0.06689453125 0.0390625 0.1044921875
0 0.46044921875 0.5478515625 0.1298828125 0.087890625
0 0.5107421875 0.455078125 0.056640625 0.0703125
0 0.69384765625 0.17431640625 0.0986328125 0.0908203125
0 0.66796875 0.62841796875 0.05859375 0.0654296875
0 0.2333984375 0.85986328125 0.130859375 0.0927734375
0 0.41748046875 0.0966796875 0.0478515625 0.06640625
0 0.94482421875 0.21630859375 0.1083984375 0.1142578125
0 0.79833984375 0.25 0.0654296875 0.0703125
0 0.1103515625 0.32763671875 0.060546875 0.0751953125
