0 0.361328125 0.36669921875 0.080078125 0.1650390625
0 0.6845703125 0.4150390625 0.1015625 0.166015625
0 0.9228515625 0.353515625 0.146484375 0.138671875
0 0.12109375 0.7978515625 0.099609375 0.1015625
0 0.05078125 0.9580078125 0.1015625 0.08203125
0 0.08837890625 0.0458984375 0.1767578125 0.091796875
0 0.8359375 0.63623046875 0.111328125 0.1416015625
0 0.01123046875 0.24072265625 0.0224609375 0.1220703125
0 0.31396484375 0.72265625 0.1279296875 0.205078125
0 0.21142578125 0.64794921875 0.1982421875 0.0908203125
0 0.41064453125 0.57080078125 0.1005859375 0.1767578125
0 0.5263671875 0.54541015625 0.099609375 0.1357421875
0 0.51904296875 0.2431640625 0.1513671875 0.126953125
0 0.41845703125 0.02001953125 0.0458984375 0.0400390625
0 0.96533203125 0.42919921875 0.0673828125 0.2431640625
0 0.9189453125 0.93896484375 0.13671875 0.1103515625
0 0.5478515625 0.80810546875 0.169921875 0.2294921875
0 0.18212890625 0.04541015625 0.0732421875 0.0888671875
0 0.361328125 0.2099609375 0.1328125 0.138671875
0 0.98486328125 0.5791015625 0.0263671875 0.078125
0 0.3466796875 0.8134765625 0.083984375 0.1640625
0 0.7529296875 0.90478515625 0.095703125 0.1884765625
