0 0.279296875 0.69140625 0.08984375 0.07421875
0 0.0869140625 0.3134765625 0.091796875 0.078125
0 0.38427734375 0.23486328125 0.0986328125 0.1181640625
0 0.845703125 0.1669921875 0.10546875 0.142578125
0 0.591796875 0.876953125 0.072265625 0.1171875
0 0.47998046875 0.46630859375 0.1240234375 0.0849609375
0 0.63671875 0.88818359375 0.103515625 0.1162109375
0 0.97998046875 0.05224609375 0.0380859375 0.1044921875
0 0.353515625 0.8046875 0.0859375 0.08203125
0 0.81982421875 0.25244140625 0.1259765625 0.1142578125
0 0.486328125 0.74609375 0.12890625 0.109375
0 0.73583984375 0.9384765625 0.1025390625 0.119140625
0 0.95166015625 0.48486328125 0.0947265625 0.1005859375
0 0.97509765625 0.521484375 0.0478515625 0.11328125
0 0.38623046875 0.517578125 0.1142578125 0.099609375
0 0.15185546875 0.0380859375 0.0830078125 0.076171875
0 0.38232421875 0.9658203125 0.1005859375 0.064453125
0 0.40576171875 0.06005859375 0.1064453125 0.0966796875
0 0.01708984375 0.533203125 0.0341796875 0.0859375
0 0.89599609375 0.02880859375 0.0927734375 0.0576171875
0 0.92919921875 0.4072265625 0.1396484375 0.15234375
0 0.25732421875 0.3916015625 0.0869140625 0.1484375
