0 0.4541015625 0.6572265625 0.166015625 0.08984375
0 0.02783203125 0.92138671875 0.0556640625 0.1123046875
0 0.76025390625 0.9443359375 0.1005859375 0.109375
0 0.03466796875 0.56298828125 0.0693359375 0.1181640625
0 0.03076171875 0.10009765625 0.0615234375 0.0908203125
0 0.14501953125 0.9755859375 0.1162109375 0.046875
0 0.8505859375 0.70166015625 0.11328125 0.1376953125
0 0.98974609375 0.81689453125 0.0166015625 0.1298828125
0 0.62255859375 0.07373046875 0.0712890625 0.1474609375
0 0.8955078125 0.89501953125 0.076171875 0.0888671875
0 0.67041015625 0.9609375 0.1103515625 0.076171875
0 0.59912109375 0.30517578125 0.1103515625 0.1533203125
0 0.138671875 0.16943359375 0.123046875 0.1103515625
0 0.26904296875 0.791015625 0.3662109375 0.14453125
0 0.06640625 0.177734375 0.1328125 0.083984375
0 0.53564453125 0.0224609375 0.0693359375 0.041015625
