0 0.3984375 0.390625 0.08984375 0.134765625
0 0.03271484375 0.56640625 0.0654296875 0.146484375
0 0.712890625 0.96875 0.08203125 0.060546875
0 0.91845703125 0.98046875 0.1630859375 0.0390625
0 0.49267578125 0.732421875 0.1142578125 0.14453125
0 0.98486328125 0.0439453125 0.0283203125 0.087890625
0 0.6884765625 0.82177734375 0.181640625 0.1162109375
0 0.26806640625 0.94970703125 0.1162109375 0.0986328125
0 0.4013671875 0.1748046875 0.1171875 0.205078125
0 0.6318359375 0.4521484375 0.142578125 0.09765625
0 0.40185546875 0.322265625 0.2255859375 0.099609375
