0 0.15234375 0.48291015625 0.0859375 0.1650390625
0 0.96630859375 0.91015625 0.0654296875 0.08203125
0 0.484375 0.3896484375 0.146484375 0.115234375
0 0.1533203125 0.0244140625 0.119140625 0.046875
0 0.595703125 0.82666015625 0.162109375 0.0849609375
0 0.95263671875 0.3251953125 0.0732421875 0.0859375
0 0.330078125 0.95166015625 0.169921875 0.0947265625
0 0.36767578125 0.73974609375 0.0888671875 0.0986328125
0 0.0283203125 0.9697265625 0.056640625 0.05859375
0 0.05859375 0.4521484375 0.1171875 0.111328125
0 0.705078125 0.66552734375 0.27734375 0.1826171875
0 0.1572265625 0.18505859375 0.08203125 0.1220703125
0 0.7890625 0.1142578125 0.138671875 0.087890625
0 0.4609375 0.91259765625 0.16796875 0.1728515625
0 0.51123046875 0.75341796875 0.1767578125 0.1103515625
0 0.185546875 0.37939453125 0.064453125 0.0673828125
0 0.0302734375 0.2529296875 0.060546875 0.11328125
0 0.55126953125 0.2490234375 0.0849609375 0.1171875
0 0.71533203125 0.4599609375 0.1337890625 0.1171875
0 0.04296875 0.76806640625 0.0859375 0.1884765625
