0 0.93310546875 0.48193359375 0.0830078125 0.0830078125
0 0.31640625 0.1982421875 0.119140625 0.107421875
0 0.98876953125 0.51123046875 0.0205078125 0.0908203125
0 0.78125 0.29736328125 0.140625 0.0908203125
0 0.7041015625 0.359375 0.111328125 0.08984375
0 0.337890625 0.67431640625 0.068359375 0.1025390625
0 0.86376953125 0.60107421875 0.0869140625 0.1279296875
0 0.79931640625 0.4794921875 0.1142578125 0.12890625
0 0.04736328125 0.81982421875 0.0830078125 0.0927734375
0 0.421875 0.7275390625 0.109375 0.087890625
0 0.69873046875 0.0703125 0.0966796875 0.107421875
0 0.587890625 0.7861328125 0.08984375 0.068359375
0 0.0107421875 0.5263671875 0.021484375 0.125
0 0.490234375 0.8828125 0.072265625 0.078125
0 0.02587890625 0.70068359375 0.0517578125 0.0751953125
0 0.89013671875 0.96875 0.1220703125 0.05859375
0 0.40673828125 0.60693359375 0.0986328125 0.1123046875
0 0.43359375 0.90478515625 0.078125 0.0634765625
0 0.42578125 0.79736328125 0.111328125 0.1357421875
0 0.9248046875 0.384765625 0.095703125 0.09375
