0 0.04150390625 0.45556640625 0.0830078125 0.0830078125
0 0.88916015625 0.33349609375 0.1435546875 0.1044921875
0 0.841796875 0.51708984375 0.076171875 0.1318359375
0 0.53271484375 0.69970703125 0.1220703125 0.1123046875
0 0.46044921875 0.02734375 0.0498046875 0.0546875
0 0.07861328125 0.41650390625 0.1337890625 0.0947265625
0 0.806640625 0.09716796875 0.107421875 0.1337890625
0 0.20166015625 0.7373046875 0.0966796875 0.103515625
0 0.5244140625 0.279296875 0.083984375 0.16796875
0 0.02734375 0.73974609375 0.0546875 0.0986328125
0 0.89794921875 0.29296875 0.0830078125 0.16796875
0 0.759765625 0.53564453125 0.10546875 0.0986328125
0 0.9072265625 0.0703125 0.119140625 0.123046875
0 0.53271484375 0.603515625 0.1181640625 0.119140625
0 0.91162109375 0.9716796875 0.1669921875 0.0546875
0 0.55859375 0.94384765625 0.095703125 0.1083984375
0 0.6328125 0.47705078125 0.169921875 0.1005859375
0 0.23876953125 0.97021484375 0.0771484375 0.0576171875
0 0.6806640625 0.65966796875 0.0859375 0.1728515625
0 0.48828125 0.18798828125 0.126953125 0.1083984375
0 0.52392578125 0.09814453125 0.0947265625 0.0908203125
0 0.84375 0.8974609375 0.142578125 0.119140625
0 0.7919921875 0.01220703125 0.07421875 0.0244140625
0 0.5751953125 0.17822265625 0.1171875 0.1337890625
0 0.2978515625 0.5791015625 0.12890625 0.1328125
0 0.3671875 0.9169921875 0.134765625 0.08203125
0 0.80517578125 0.984375 0.1083984375 0.029296875
0 0.03369140625 0.62939453125 0.0673828125 0.0810546875
0 0.1318359375 0.541015625 0.087890625 0.17578125
0 0.3037109375 0.84765625 0.087890625 0.09375
0 0.04443359375 0.15087890625 0.0888671875 0.1611328125
0 0.330078125 0.59521484375 0.12890625 0.0869140625
0 0.74365234375 0.08740234375 0.0693359375 0.1181640625
0 0.88916015625 0.61083984375 0.1181640625 0.2060546875
0 0.9501953125 0.20556640625 0.09765625 0.0849609375
0 0.7001953125 0.3115234375 0.056640625 0.052734375
0 0.14501953125 0.9658203125 0.1337890625 0.06640625
0 0.814453125 0.2998046875 0.16015625 0.14453125
