0 0.4365234375 0.9541015625 0.138671875 0.08984375
0 0.14990234375 0.1318359375 0.0791015625 0.095703125
0 0.21875 0.494140625 0.0625 0.10546875
0 0.5859375 0.02099609375 0.09375 0.0380859375
0 0.802734375 0.05419921875 0.091796875 0.1064453125
0 0.2734375 0.345703125 0.09375 0.111328125
0 0.1669921875 0.4150390625 0.07421875 0.10546875
0 0.6865234375 0.654296875 0.1015625 0.083984375
0 0.92236328125 0.78125 0.1513671875 0.146484375
0 0.97509765625 0.07861328125 0.0478515625 0.1513671875
0 0.8740234375 0.5 0.09375 0.158203125
0 0.90673828125 0.3447265625 0.1845703125 0.0859375
0 0.95166015625 0.14013671875 0.0947265625 0.0908203125
0 0.02490234375 0.974609375 0.0498046875 0.05078125
0 0.80078125 0.20166015625 0.150390625 0.0771484375
0 0.16015625 0.6123046875 0.099609375 0.123046875
0 0.7734375 0.55126953125 0.08203125 0.1044921875
0 0.154296875 0.794921875 0.107421875 0.1015625
0 0.96240234375 0.37548828125 0.0732421875 0.0771484375
0 0.22509765625 0.7626953125 0.0712890625 0.078125
0 0.203125 0.2626953125 0.09375 0.080078125
0 0.111328125 0.3330078125 0.123046875 0.10546875
0 0.39501953125 0.12060546875 0.1728515625 0.2333984375
0 0.2568359375 0.04052734375 0.10546875 0.0576171875
0 0.330078125 0.0341796875 0.099609375 0.068359375
0 0.404296875 0.4541015625 0.14453125 0.34375
0 0.01708984375 0.68115234375 0.0341796875 0.0791015625
0 0.728515625 0.623046875 0.099609375 0.109375
