0 0.521484375 0.765625 0.13671875 0.0859375
0 0.8974609375 0.29736328125 0.103515625 0.0888671875
0 0.54443359375 0.3212890625 0.1494140625 0.1640625
0 0.68603515625 0.27587890625 0.2041015625 0.2080078125
0 0.74560546875 0.4248046875 0.1630859375 0.080078125
0 0.5009765625 0.5546875 0.19140625 0.099609375
0 0.92822265625 0.515625 0.1416015625 0.11328125
0 0.57421875 0.37939453125 0.060546875 0.1220703125
0 0.69873046875 0.8515625 0.1435546875 0.134765625
0 0.39013671875 0.4765625 0.1064453125 0.103515625
0 0.15966796875 0.03662109375 0.1591796875 0.0732421875
0 0.56884765625 0.70166015625 0.1279296875 0.0849609375
0 0.29150390625 0.3603515625 0.0908203125 0.1171875
0 0.86474609375 0.0546875 0.2177734375 0.107421875
0 0.091796875 0.94384765625 0.140625 0.0869140625
0 0.5732421875 0.82861328125 0.134765625 0.0888671875
0 0.75341796875 0.0869140625 0.1376953125 0.173828125
0 0.74951171875 0.97802734375 0.0869140625 0.0419921875
0 0.2392578125 0.7216796875 0.099609375 0.1015625
0 0.09130859375 0.3720703125 0.1064453125 0.22265625
0 0.51513671875 0.13037109375 0.0693359375 0.0908203125
0 0.74462890625 0.78759765625 0.1748046875 0.1181640625
0 0.8525390625 0.17236328125 0.15234375 0.0947265625
0 0.63818359375 0.18115234375 0.1201171875 0.0908203125
0 0.21826171875 0.87060546875 0.1162109375 0.0849609375
