0 0.88037109375 0.87255859375 0.1513671875 0.0947265625
0 0.86865234375 0.69091796875 0.1025390625 0.1279296875
0 0.62890625 0.048828125 0.107421875 0.095703125
0 0.24365234375 0.05126953125 0.1298828125 0.0908203125
0 0.60009765625 0.814453125 0.1259765625 0.138671875
0 0.76123046875 0.78369140625 0.0791015625 0.2138671875
0 0.90087890625 0.96923828125 0.0771484375 0.0595703125
0 0.9267578125 0.29248046875 0.14453125 0.1591796875
0 0.95361328125 0.36865234375 0.0908203125 0.1064453125
0 0.60205078125 0.74755859375 0.1162109375 0.0810546875
0 0.46533203125 0.47705078125 0.0986328125 0.1259765625
0 0.8564453125 0.1708984375 0.119140625 0.09375
0 0.42431640625 0.50537109375 0.2255859375 0.1142578125
0 0.46484375 0.35009765625 0.109375 0.0869140625
0 0.248046875 0.87646484375 0.10546875 0.2451171875
0 0.13671875 0.65576171875 0.216796875 0.0908203125
0 0.03857421875 0.341796875 0.0771484375 0.169921875
0 0.85302734375 0.4423828125 0.1298828125 0.06640625
0 0.07177734375 0.009765625 0.0673828125 0.01953125
0 0.69189453125 0.19921875 0.0712890625 0.09375
0 0.7939453125 0.076171875 0.19921875 0.12890625
0 0.7900390625 0.55126953125 0.177734375 0.1005859375
0 0.21240234375 0.38037109375 0.1748046875 0.2353515625
0 0.68798828125 0.5078125 0.1396484375 0.10546875
0 0.345703125 0.376953125 0.091796875 0.08984375
0 0.57470703125 0.39697265625 0.1259765625 0.0908203125
0 0.69189453125 0.8251953125 0.1279296875 0.201171875
0 0.41357421875 0.23974609375 0.1025390625 0.1064453125
