0 0.82470703125 0.43115234375 0.1572265625 0.0869140625
0 0.97412109375 0.96044921875 0.0478515625 0.0751953125
0 0.01953125 0.51220703125 0.0390625 0.1533203125
0 0.1474609375 0.8232421875 0.09375 0.1640625
0 0.35693359375 0.7919921875 0.0791015625 0.091796875
0 0.8115234375 0.029296875 0.0859375 0.05859375
0 0.70263671875 0.59423828125 0.1494140625 0.1162109375
0 0.27001953125 0.84521484375 0.0947265625 0.1572265625
0 0.22900390625 0.73681640625 0.0908203125 0.0830078125
0 0.4892578125 0.07763671875 0.1171875 0.0810546875
0 0.59814453125 0.716796875 0.0615234375 0.060546875
0 0.9775390625 0.01953125 0.04296875 0.0390625
0 0.49951171875 0.68603515625 0.1064453125 0.1298828125
0 0.92822265625 0.83154296875 0.1181640625 0.1162109375
0 0.93896484375 0.392578125 0.0576171875 0.0703125
0 0.02685546875 0.1787109375 0.0498046875 0.07421875
0 0.7578125 0.09423828125 0.076171875 0.1142578125
0 0.91162109375 0.08154296875 0.0732421875 0.1630859375
0 0.17138671875 0.24169921875 0.0927734375 0.1142578125
0 0.0205078125 0.02880859375 0.041015625 0.0537109375
0 0.3515625 0.9208984375 0.126953125 0.091796875
0 0.80712890625 0.91015625 0.0751953125 0.125
0 0.69384765625 0.39453125 0.1083984375 0.1171875
0 0.60888671875 0.0771484375 0.1123046875 0.095703125
0 0.45263671875 0.75537109375 0.0537109375 0.0849609375
0 0.14404296875 0.650390625 0.1005859375 0.087890625
0 0.48095703125 0.01953125 0.0712890625 0.03515625
0 0.02099609375 0.92529296875 0.0419921875 0.1103515625
0 0.80322265625 0.3603515625 0.0849609375 0.08203125
