0 0.52490234375 0.51123046875 0.1005859375 0.1611328125
0 0.20556640625 0.75244140625 0.0927734375 0.0830078125
0 0.798828125 0.8193359375 0.099609375 0.12890625
0 0.40087890625 0.14501953125 0.0771484375 0.1416015625
0 0.181640625 0.54833984375 0.11328125 0.1630859375
0 0.94677734375 0.23681640625 0.1044921875 0.1201171875
0 0.03759765625 0.0791015625 0.0751953125 0.123046875
0 0.0263671875 0.88916015625 0.052734375 0.1513671875
0 0.93798828125 0.87939453125 0.1220703125 0.0888671875
0 0.98486328125 0.97119140625 0.0283203125 0.0498046875
0 0.990234375 0.85302734375 0.017578125 0.0869140625
0 0.87548828125 0.0595703125 0.1357421875 0.1171875
0 0.529296875 0.00830078125 0.068359375 0.0166015625
0 0.5263671875 0.12939453125 0.08984375 0.0947265625
0 0.4697265625 0.9306640625 0.087890625 0.099609375
0 0.755859375 0.95849609375 0.1953125 0.0791015625
0 0.3486328125 0.69775390625 0.126953125 0.0986328125
0 0.9580078125 0.6513671875 0.08203125 0.095703125
0 0.244140625 0.033203125 0.06640625 0.06640625
0 0.416015625 0.826171875 0.08984375 0.095703125
0 0.80224609375 0.169921875 0.1162109375 0.10546875
0 0.08349609375 0.6640625 0.1025390625 0.103515625
0 0.294921875 0.375 0.134765625 0.125
0 0.1083984375 0.115234375 0.10546875 0.083984375
0 0.0224609375 0.3818359375 0.044921875 0.171875
