0 0.95458984375 0.71923828125 0.0888671875 0.0849609375
0 0.87109375 0.9267578125 0.0703125 0.14453125
0 0.04736328125 0.8388671875 0.0947265625 0.107421875
0 0.30126953125 0.314453125 0.0947265625 0.09765625
0 0.87060546875 0.0263671875 0.0771484375 0.052734375
0 0.8876953125 0.59716796875 0.08203125 0.0849609375
0 0.82177734375 0.2666015625 0.0654296875 0.09375
0 0.56103515625 0.39013671875 0.0869140625 0.0947265625
0 0.61767578125 0.82275390625 0.0751953125 0.0810546875
0 0.12841796875 0.90673828125 0.1083984375 0.1259765625
0 0.89111328125 0.41943359375 0.0966796875 0.0791015625
0 0.9462890625 0.373046875 0.10546875 0.095703125
0 0.3330078125 0.759765625 0.1015625 0.10546875
0 0.640625 0.17724609375 0.09375 0.1044921875
0 0.72607421875 0.08447265625 0.1376953125 0.1669921875
0 0.6435546875 0.4501953125 0.111328125 0.10546875
0 0.7373046875 0.72802734375 0.119140625 0.1259765625
0 0.673828125 0.6728515625 0.23828125 0.166015625
0 0.33740234375 0.4150390625 0.1669921875 0.078125
0 0.931640625 0.9013671875 0.06640625 0.078125
0 0.06396484375 0.39306640625 0.1279296875 0.1376953125
0 0.41015625 0.07568359375 0.13671875 0.1162109375
0 0.73583984375 0.9921875 0.0810546875 0.015625
