0 0.1865234375 0.94189453125 0.150390625 0.1162109375
0 0.076171875 0.228515625 0.15234375 0.119140625
0 0.71142578125 0.58935546875 0.1005859375 0.0810546875
0 0.3994140625 0.18115234375 0.12890625 0.2119140625
0 0.9072265625 0.1201171875 0.08203125 0.185546875
0 0.076171875 0.32080078125 0.15234375 0.3134765625
0 0.52685546875 0.43505859375 0.0771484375 0.0888671875
0 0.4189453125 0.30810546875 0.09765625 0.1728515625
0 0.74951171875 0.36669921875 0.0654296875 0.0751953125
0 0.2314453125 0.302734375 0.123046875 0.1171875
0 0.5791015625 0.12890625 0.18359375 0.201171875
0 0.0166015625 0.6279296875 0.033203125 0.08984375
0 0.81982421875 0.66943359375 0.1435546875 0.1787109375
0 0.37060546875 0.693359375 0.1201171875 0.1875
0 0.23291015625 0.48779296875 0.1064453125 0.0927734375
0 0.52099609375 0.98193359375 0.1494140625 0.0361328125
0 0.91455078125 0.74267578125 0.1689453125 0.1552734375
0 0.96630859375 0.4150390625 0.0654296875 0.228515625
0 0.87353515625 0.482421875 0.0830078125 0.171875
0 0.51806640625 0.0419921875 0.0830078125 0.078125
0 0.7802734375 0.7998046875 0.1328125 0.134765625
0 0.4423828125 0.18017578125 0.0625 0.1083984375
0 0.1005859375 0.451171875 0.087890625 0.14453125
0 0.58544921875 0.90869140625 0.1162109375 0.0810546875
0 0.9912109375 0.04150390625 0.015625 0.0634765625
0 0.03515625 0.939453125 0.0703125 0.12109375
0 0.76513671875 0.6982421875 0.0791015625 0.142578125
0 0.09912109375 0.64404296875 0.1083984375 0.1513671875
0 0.21484375 0.86572265625 0.146484375 0.1083984375
0 0.359375 0.7958984375 0.130859375 0.052734375
0 0.79248046875 0.97509765625 0.0986328125 0.0458984375
0 0.36328125 0.25537109375 0.09765625 0.1923828125
0 0.5185546875 0.73681640625 0.173828125 0.1494140625
0 0.20166015625 0.296875 0.0751953125 0.111328125
0 0.64990234375 0.78515625 0.0732421875 0.068359375
0 0.01513671875 0.03662109375 0.0283203125 0.0537109375
0 0.0576171875 0.79736328125 0.115234375 0.1279296875
0 0.4443359375 0.10546875 0.048828125 0.072265625
0 0.2333984375 0.58984375 0.15234375 0.078125
0 0.251953125 0.7001953125 0.1640625 0.140625
0 0.17529296875 0.095703125 0.0595703125 0.158203125
