0 0.0087890625 0.02099609375 0.017578125 0.0380859375
0 0.7724609375 0.05859375 0.08984375 0.078125
0 0.54345703125 0.05517578125 0.0751953125 0.0654296875
0 0.7578125 0.25537109375 0.15234375 0.1611328125
0 0.14599609375 0.45458984375 0.0947265625 0.0927734375
0 0.8681640625 0.77490234375 0.103515625 0.1025390625
0 0.1396484375 0.88427734375 0.158203125 0.0947265625
0 0.7880859375 0.96826171875 0.060546875 0.0595703125
0 0.62255859375 0.95751953125 0.0810546875 0.0810546875
0 0.46240234375 0.51708984375 0.0849609375 0.0908203125
0 0.52978515625 0.890625 0.0732421875 0.09375
0 0.60205078125 0.42626953125 0.0712890625 0.0888671875
0 0.01953125 0.32568359375 0.0390625 0.0634765625
0 0.02197265625 0.0771484375 0.0439453125 0.078125
0 0.05029296875 0.96142578125 0.1005859375 0.0751953125
0 0.8427734375 0.53173828125 0.11328125 0.0849609375
0 0.0439453125 0.48681640625 0.068359375 0.0966796875
0 0.05322265625 0.22607421875 0.1064453125 0.0791015625
0 0.95068359375 0.10595703125 0.0712890625 0.0732421875
0 0.93017578125 0.98779296875 0.0654296875 0.0224609375
0 0.123046875 0.8720703125 0.099609375 0.08984375
0 0.8984375 0.345703125 0.1015625 0.109375
0 0.2421875 0.46435546875 0.078125 0.1005859375
0 0.04443359375 0.37939453125 0.0888671875 0.0771484375
0 0.96728515625 0.81982421875 0.0634765625 0.0810546875
0 0.9287109375 0.05615234375 0.11328125 0.0732421875
0 0.35009765625 0.50927734375 0.1044921875 0.1083984375
0 0.9482421875 0.5625 0.0859375 0.099609375
0 0.5732421875 0.2548828125 0.091796875 0.095703125
0 0.21337890625 0.6748046875 0.0615234375 0.07421875
0 0.28271484375 0.78125 0.0947265625 0.08203125
0 0.15771484375 0.71923828125 0.0673828125 0.0576171875
0 0.009765625 0.5673828125 0.01953125 0.1171875
0 0.279296875 0.71484375 0.064453125 0.068359375
0 0.55078125 0.47265625 0.0859375 0.091796875
0 0.50439453125 0.36181640625 0.0908203125 0.0986328125
