0 0.1826171875 0.0888671875 0.15625 0.177734375
0 0.24169921875 0.48193359375 0.1259765625 0.0849609375
0 0.095703125 0.703125 0.083984375 0.080078125
0 0.76025390625 0.76123046875 0.1064453125 0.0966796875
0 0.0400390625 0.4404296875 0.076171875 0.08203125
0 0.97119140625 0.2470703125 0.0556640625 0.07421875
0 0.88818359375 0.2216796875 0.2138671875 0.173828125
0 0.037109375 0.57763671875 0.072265625 0.1083984375
0 0.32666015625 0.65869140625 0.1416015625 0.1572265625
0 0.9169921875 0.75244140625 0.1640625 0.0751953125
0 0.09814453125 0.03466796875 0.1103515625 0.0673828125
0 0.576171875 0.11083984375 0.142578125 0.1279296875
0 0.72900390625 0.53173828125 0.1259765625 0.1787109375
0 0.59912109375 0.98583984375 0.1005859375 0.0244140625
0 0.47119140625 0.50927734375 0.0947265625 0.1064453125
0 0.72021484375 0.86865234375 0.0732421875 0.1396484375
0 0.861328125 0.95654296875 0.126953125 0.0751953125
0 0.9345703125 0.904296875 0.0859375 0.072265625
0 0.11328125 0.58203125 0.083984375 0.103515625
0 0.24609375 0.0234375 0.08984375 0.046875
0 0.4013671875 0.6650390625 0.087890625 0.095703125
0 0.859375 0.19921875 0.078125 0.083984375
0 0.77685546875 0.52587890625 0.0927734375 0.1826171875
0 0.90380859375 0.6572265625 0.1103515625 0.08984375
0 0.94873046875 0.07958984375 0.1005859375 0.1572265625
