0 0.15234375 0.71728515625 0.068359375 0.0830078125
0 0.291015625 0.0673828125 0.12109375 0.095703125
0 0.7119140625 0.82666015625 0.0859375 0.1494140625
0 0.515625 0.9267578125 0.119140625 0.14453125
0 0.54150390625 0.79833984375 0.1064453125 0.1357421875
0 0.23291015625 0.29443359375 0.1025390625 0.0751953125
0 0.939453125 0.36328125 0.09375 0.06640625
0 0.52783203125 0.49169921875 0.0712890625 0.1142578125
0 0.1123046875 0.31787109375 0.13671875 0.0947265625
0 0.25048828125 0.69677734375 0.1396484375 0.1279296875
0 0.91064453125 0.3017578125 0.1083984375 0.1015625
0 0.3232421875 0.87939453125 0.0703125 0.0830078125
0 0.49609375 0.2421875 0.064453125 0.068359375
0 0.03076171875 0.89111328125 0.0615234375 0.1083984375
0 0.962890625 0.72216796875 0.072265625 0.1201171875
0 0.22607421875 0.51123046875 0.0986328125 0.0869140625
0 0.3125 0.58056640625 0.08984375 0.1064453125
0 0.630859375 0.83642578125 0.0625 0.1103515625
0 0.1826171875 0.97705078125 0.1328125 0.0419921875
0 0.94873046875 0.20166015625 0.1005859375 0.1142578125
0 0.06982421875 0.0361328125 0.1279296875 0.0703125
0 0.94189453125 0.130859375 0.0732421875 0.083984375
0 0.05908203125 0.638671875 0.0830078125 0.087890625
0 0.58203125 0.5927734375 0.08984375 0.076171875
0 0.0322265625 0.5244140625 0.064453125 0.1015625
0 0.98779296875 0.89013671875 0.0224609375 0.1005859375
0 0.78125 0.04052734375 0.130859375 0.0791015625
0 0.2236328125 0.22802734375 0.22265625 0.0927734375
0 0.0419921875 0.79736328125 0.083984375 0.1455078125
0 0.06201171875 0.1884765625 0.1240234375 0.12109375
0 0.501953125 0.3037109375 0.193359375 0.134765625
0 0.23828125 0.83544921875 0.05078125 0.0400390625
