0 0.01318359375 0.93603515625 0.0263671875 0.0751953125
0 0.6962890625 0.95458984375 0.115234375 0.0849609375
0 0.837890625 0.0234375 0.072265625 0.046875
0 0.97265625 0.17333984375 0.052734375 0.0869140625
0 0.92822265625 0.31884765625 0.1298828125 0.1357421875
0 0.2451171875 0.02197265625 0.078125 0.0439453125
0 0.0703125 0.107421875 0.125 0.06640625
0 0.548828125 0.9345703125 0.08984375 0.08203125
0 0.59033203125 0.77392578125 0.1240234375 0.1005859375
0 0.345703125 0.00830078125 0.05859375 0.0126953125
0 0.755859375 0.81201171875 0.0859375 0.0771484375
0 0.3427734375 0.11328125 0.095703125 0.107421875
0 0.36572265625 0.82080078125 0.0888671875 0.0712890625
0 0.71533203125 0.44921875 0.0947265625 0.068359375
0 0.1787109375 0.20947265625 0.072265625 0.0595703125
0 0.41162109375 0.73486328125 0.0908203125 0.1005859375
0 0.0341796875 0.4208984375 0.068359375 0.091796875
0 0.869140625 0.25634765625 0.107421875 0.0771484375
0 0.8291015625 0.1865234375 0.09375 0.083984375
0 0.70751953125 0.1259765625 0.1083984375 0.16015625
0 0.21875 0.40380859375 0.091796875 0.0888671875
0 0.37548828125 0.98046875 0.0693359375 0.03515625
0 0.73828125 0.5927734375 0.09765625 0.087890625
0 0.1416015625 0.751953125 0.072265625 0.103515625
0 0.501953125 0.0400390625 0.037109375 0.041015625
0 0.5087890625 0.8564453125 0.103515625 0.123046875
0 0.20556640625 0.94677734375 0.0927734375 0.1044921875
0 0.02783203125 0.33935546875 0.0556640625 0.0771484375
0 0.70849609375 0.69677734375 0.1591796875 0.1103515625
0 0.9580078125 0.943359375 0.08203125 0.111328125
0 0.94384765625 0.68505859375 0.0869140625 0.0927734375
0 0.32275390625 0.9560546875 0.0869140625 0.083984375
0 0.900390625 0.95166015625 0.103515625 0.0732421875
0 0.96533203125 0.40234375 0.0673828125 0.134765625
0 0.9794921875 0.03564453125 0.0390625 0.0673828125
0 0.31005859375 0.6240234375 0.0791015625 0.11328125
0 0.17236328125 0.43017578125 0.0673828125 0.0576171875
0 0.43798828125 0.09765625 0.0771484375 0.0703125
