0 0.45947265625 0.232421875 0.0869140625 0.08203125
0 0.12841796875 0.6552734375 0.1005859375 0.0703125
0 0.3505859375 0.47216796875 0.078125 0.0849609375
0 0.96826171875 0.048828125 0.0615234375 0.05859375
0 0.501953125 0.24169921875 0.06640625 0.0849609375
0 0.32568359375 0.72900390625 0.1181640625 0.1845703125
0 0.3486328125 0.15185546875 0.1015625 0.0869140625
0 0.4404296875 0.14306640625 0.07421875 0.0498046875
0 0.228515625 0.7314453125 0.12890625 0.162109375
0 0.9443359375 0.3466796875 0.064453125 0.06640625
0 0.435546875 0.76708984375 0.0703125 0.0712890625
0 0.37890625 0.93505859375 0.0859375 0.1279296875
0 0.08740234375 0.2822265625 0.0947265625 0.083984375
0 0.970703125 0.1279296875 0.056640625 0.0703125
0 0.54931640625 0.28271484375 0.0771484375 0.0869140625
0 0.60009765625 0.3935546875 0.0791015625 0.09375
0 0.56298828125 0.84912109375 0.0869140625 0.0908203125
0 0.25927734375 0.9091796875 0.0791015625 0.099609375
0 0.79638671875 0.8759765625 0.0830078125 0.072265625
0 0.86865234375 0.05712890625 0.0634765625 0.1064453125
0 0.8388671875 0.20166015625 0.08984375 0.0732421875
0 0.57763671875 0.94287109375 0.0888671875 0.0869140625
0 0.97314453125 0.24267578125 0.0517578125 0.1025390625
0 0.02783203125 0.61279296875 0.0556640625 0.0791015625
0 0.48193359375 0.71728515625 0.1025390625 0.0869140625
0 0.44873046875 0.5810546875 0.0576171875 0.0546875
0 0.42333984375 0.08349609375 0.1376953125 0.0927734375
0 0.09033203125 0.0439453125 0.0791015625 0.076171875
0 0.255859375 0.57177734375 0.064453125 0.0673828125
0 0.4599609375 0.6552734375 0.064453125 0.080078125
0 0.13525390625 0.9755859375 0.0751953125 0.046875
0 0.1689453125 0.818359375 0.126953125 0.12109375
0 0.423828125 0.89306640625 0.10546875 0.1357421875
0 0.32421875 0.09765625 0.083984375 0.091796875
0 0.56689453125 0.7314453125 0.0849609375 0.0859375
0 0.96826171875 0.46630859375 0.0615234375 0.1181640625
0 0.96044921875 0.955078125 0.0751953125 0.0859375
0 0.06689453125 0.7021484375 0.1103515625 0.07421875
0 0.7861328125 0.10986328125 0.08203125 0.0849609375
0 0.107421875 0.17333984375 0.076171875 0.0576171875
0 0.33251953125 0.29345703125 0.0751953125 0.1005859375
0 0.70361328125 0.97216796875 0.0830078125 0.0537109375
0 0.02001953125 0.31103515625 0.0400390625 0.0849609375
0 0.98388671875 0.3125 0.0302734375 0.08984375
0 0.65576171875 0.0810546875 0.0810546875 0.080078125
0 0.1640625 0.48291015625 0.072265625 0.0751953125
