0 0.828125 0.21337890625 0.1484375 0.1142578125
0 0.97802734375 0.146484375 0.0419921875 0.140625
0 0.49755859375 0.11767578125 0.0908203125 0.2080078125
0 0.84228515625 0.0966796875 0.1240234375 0.17578125
0 0.04443359375 0.5 0.0888671875 0.115234375
0 0.2353515625 0.93701171875 0.134765625 0.1201171875
0 0.50927734375 0.23095703125 0.1240234375 0.1689453125
0 0.03955078125 0.38916015625 0.0791015625 0.1318359375
0 0.96240234375 0.97802734375 0.0751953125 0.0419921875
0 0.119140625 0.60546875 0.169921875 0.189453125
