0 0.01904296875 0.25634765625 0.0380859375 0.0634765625
0 0.97802734375 0.521484375 0.0400390625 0.087890625
0 0.97509765625 0.6640625 0.0458984375 0.169921875
0 0.20947265625 0.697265625 0.0947265625 0.08203125
0 0.07666015625 0.96142578125 0.0908203125 0.0751953125
0 0.80712890625 0.49755859375 0.1728515625 0.1240234375
0 0.0361328125 0.75634765625 0.072265625 0.1630859375
0 0.080078125 0.7958984375 0.16015625 0.119140625
0 0.05029296875 0.42431640625 0.1005859375 0.0849609375
0 0.8837890625 0.97265625 0.13671875 0.05078125
0 0.986328125 0.619140625 0.0234375 0.150390625
0 0.5283203125 0.6240234375 0.244140625 0.111328125
0 0.15869140625 0.6845703125 0.0732421875 0.083984375
0 0.6767578125 0.42626953125 0.1171875 0.0869140625
0 0.22900390625 0.96142578125 0.1513671875 0.0751953125
0 0.50390625 0.5517578125 0.115234375 0.0703125
0 0.646484375 0.90283203125 0.138671875 0.1220703125
0 0.84033203125 0.59033203125 0.1142578125 0.0810546875
0 0.5205078125 0.0517578125 0.12890625 0.103515625
0 0.31982421875 0.306640625 0.0947265625 0.11328125
0 0.1142578125 0.35546875 0.09765625 0.0703125
0 0.36474609375 0.22314453125 0.1708984375 0.2177734375
0 0.111328125 0.05908203125 0.22265625 0.1181640625
0 0.13037109375 0.11962890625 0.1494140625 0.1865234375
0 0.990234375 0.36083984375 0.017578125 0.0654296875
0 0.89599609375 0.5029296875 0.1357421875 0.1640625
0 0.0205078125 0.7236328125 0.041015625 0.099609375
0 0.37451171875 0.0439453125 0.1513671875 0.087890625
0 0.55126953125 0.90576171875 0.1767578125 0.1865234375
0 0.3193359375 0.7373046875 0.16796875 0.087890625
