0 0.97216796875 0.0888671875 0.0537109375 0.080078125
0 0.40673828125 0.72119140625 0.1005859375 0.1064453125
0 0.04443359375 0.0419921875 0.0888671875 0.076171875
0 0.26611328125 0.74072265625 0.1376953125 0.1005859375
0 0.81396484375 0.69384765625 0.1103515625 0.1005859375
0 0.98388671875 0.369140625 0.0322265625 0.06640625
0 0.0126953125 0.27294921875 0.025390625 0.1220703125
0 0.640625 0.59033203125 0.126953125 0.0791015625
0 0.2626953125 0.82763671875 0.13671875 0.0908203125
0 0.318359375 0.88427734375 0.09765625 0.0751953125
0 0.0302734375 0.5556640625 0.060546875 0.09375
0 0.18603515625 0.9638671875 0.1162109375 0.06640625
0 0.55078125 0.1865234375 0.091796875 0.076171875
0 0.29736328125 0.1279296875 0.1181640625 0.15234375
0 0.41455078125 0.87890625 0.1181640625 0.15625
0 0.078125 0.306640625 0.095703125 0.08984375
0 0.2216796875 0.32275390625 0.171875 0.0732421875
0 0.9853515625 0.58251953125 0.02734375 0.1025390625
0 0.10009765625 0.3974609375 0.2001953125 0.1015625
0 0.69775390625 0.78271484375 0.1845703125 0.0751953125
0 0.47705078125 0.0830078125 0.0732421875 0.125
0 0.40087890625 0.59521484375 0.1865234375 0.1201171875
0 0.05810546875 0.88916015625 0.1162109375 0.1220703125
0 0.447265625 0.26416015625 0.12109375 0.1162109375
0 0.6162109375 0.708984375 0.123046875 0.1328125
0 0.55615234375 0.53466796875 0.2294921875 0.1240234375
0 0.5634765625 0.37744140625 0.10546875 0.0751953125
0 0.33642578125 0.33203125 0.0830078125 0.1484375
0 0.1943359375 0.796875 0.06640625 0.0703125
0 0.94873046875 0.80322265625 0.0712890625 0.1201171875
0 0.2099609375 0.0927734375 0.078125 0.166015625
0 0.18017578125 0.17333984375 0.0732421875 0.0830078125
