0 0.357421875 0.9775390625 0.072265625 0.04296875
0 0.6533203125 0.70361328125 0.087890625 0.1142578125
0 0.89306640625 0.50732421875 0.1806640625 0.0869140625
0 0.2587890625 0.95556640625 0.12109375 0.0869140625
0 0.03466796875 0.21240234375 0.0673828125 0.0576171875
0 0.90087890625 0.92626953125 0.0732421875 0.1162109375
0 0.041015625 0.65966796875 0.08203125 0.0888671875
0 0.77734375 0.5380859375 0.130859375 0.07421875
0 0.0322265625 0.96044921875 0.064453125 0.0791015625
0 0.88232421875 0.375 0.0400390625 0.060546875
0 0.7451171875 0.41357421875 0.150390625 0.1767578125
0 0.8935546875 0.6552734375 0.154296875 0.11328125
0 0.80419921875 0.60595703125 0.1337890625 0.1396484375
0 0.54296875 0.7841796875 0.08984375 0.171875
0 0.150390625 0.25830078125 0.08984375 0.0849609375
0 0.5107421875 0.45361328125 0.095703125 0.0869140625
0 0.1357421875 0.787109375 0.15625 0.13671875
0 0.6240234375 0.3330078125 0.072265625 0.07421875
0 0.14697265625 0.42919921875 0.1181640625 0.1318359375
0 0.0234375 0.0732421875 0.046875 0.146484375
0 0.607421875 0.12841796875 0.103515625 0.1552734375
0 0.27685546875 0.63525390625 0.1337890625 0.2548828125
0 0.962890625 0.34912109375 0.072265625 0.1494140625
0 0.56884765625 0.55078125 0.1103515625 0.20703125
0 0.1181640625 0.83984375 0.080078125 0.146484375
0 0.48828125 0.03564453125 0.087890625 0.0712890625
0 0.37890625 0.27978515625 0.09765625 0.1767578125
0 0.7216796875 0.27978515625 0.18359375 0.1044921875
0 0.7958984375 0.89501953125 0.08984375 0.0888671875
0 0.970703125 0.94970703125 0.056640625 0.0947265625
