0 0.7158203125 0.96728515625 0.083984375 0.0615234375
0 0.83544921875 0.57275390625 0.1064453125 0.0966796875
0 0.12939453125 0.9658203125 0.1044921875 0.064453125
0 0.8642578125 0.04052734375 0.083984375 0.0810546875
0 0.8916015625 0.47607421875 0.083984375 0.1123046875
0 0.453125 0.6513671875 0.0859375 0.18359375
0 0.84130859375 0.951171875 0.0732421875 0.091796875
0 0.896484375 0.421875 0.17578125 0.158203125
0 0.408203125 0.9638671875 0.189453125 0.06640625
0 0.09423828125 0.06640625 0.0849609375 0.0703125
0 0.77392578125 0.65087890625 0.0712890625 0.0791015625
0 0.97900390625 0.5556640625 0.0400390625 0.142578125
0 0.6376953125 0.75390625 0.099609375 0.10546875
0 0.05029296875 0.10546875 0.1005859375 0.091796875
0 0.4892578125 0.3837890625 0.083984375 0.2265625
0 0.41796875 0.47900390625 0.107421875 0.2119140625
0 0.25634765625 0.630859375 0.1455078125 0.083984375
0 0.77099609375 0.28076171875 0.1591796875 0.1005859375
0 0.0234375 0.0263671875 0.046875 0.052734375
0 0.40625 0.75048828125 0.169921875 0.0830078125
0 0.14208984375 0.1552734375 0.1396484375 0.126953125
0 0.95703125 0.02294921875 0.083984375 0.0458984375
0 0.900390625 0.2041015625 0.0625 0.14453125
