0 0.93896484375 0.333984375 0.0869140625 0.091796875
0 0.44140625 0.70458984375 0.134765625 0.0810546875
0 0.64794921875 0.580078125 0.0966796875 0.068359375
0 0.97216796875 0.0849609375 0.0517578125 0.15234375
0 0.82763671875 0.14306640625 0.1357421875 0.1259765625
0 0.22607421875 0.86376953125 0.0927734375 0.0830078125
0 0.703125 0.0517578125 0.1875 0.0703125
0 0.0537109375 0.51513671875 0.05859375 0.1748046875
0 0.62646484375 0.2890625 0.1220703125 0.09765625
0 0.36083984375 0.44677734375 0.0908203125 0.0732421875
0 0.69140625 0.67578125 0.140625 0.123046875
0 0.03271484375 0.9296875 0.0654296875 0.07421875
0 0.21142578125 0.583984375 0.1181640625 0.259765625
0 0.43359375 0.80712890625 0.1640625 0.0751953125
0 0.595703125 0.17138671875 0.123046875 0.1044921875
0 0.81103515625 0.43310546875 0.0830078125 0.1259765625
0 0.02197265625 0.86474609375 0.0439453125 0.1044921875
0 0.30224609375 0.5048828125 0.0693359375 0.076171875
0 0.76171875 0.96826171875 0.12890625 0.0556640625
0 0.14208984375 0.947265625 0.1103515625 0.103515625
