0 0.09814453125 0.08154296875 0.0810546875 0.1220703125
0 0.4775390625 0.9306640625 0.072265625 0.076171875
0 0.03955078125 0.52783203125 0.0791015625 0.1083984375
0 0.65869140625 0.02001953125 0.0869140625 0.0380859375
0 0.87744140625 0.662109375 0.1298828125 0.076171875
0 0.90087890625 0.2275390625 0.0927734375 0.076171875
0 0.7119140625 0.6357421875 0.0859375 0.10546875
0 0.9296875 0.42919921875 0.078125 0.1103515625
0 0.94921875 0.947265625 0.099609375 0.091796875
0 0.39013671875 0.7099609375 0.0615234375 0.099609375
0 0.95849609375 0.76611328125 0.0810546875 0.0791015625
0 0.95166015625 0.0556640625 0.0947265625 0.111328125
0 0.31494140625 0.25439453125 0.1591796875 0.0947265625
0 0.072265625 0.8017578125 0.087890625 0.087890625
0 0.78955078125 0.974609375 0.1064453125 0.048828125
0 0.10791015625 0.380859375 0.0732421875 0.072265625
0 0.70458984375 0.71240234375 0.0849609375 0.1259765625
0 0.82421875 0.080078125 0.109375 0.07421875
0 0.7060546875 0.53564453125 0.115234375 0.1025390625
0 0.13134765625 0.95947265625 0.1103515625 0.0810546875
0 0.47998046875 0.76171875 0.1376953125 0.166015625
0 0.7412109375 0.92822265625 0.138671875 0.0888671875
0 0.40869140625 0.81005859375 0.0712890625 0.1474609375
0 0.61376953125 0.6064453125 0.1220703125 0.150390625
0 0.607421875 0.29833984375 0.056640625 0.0615234375
0 0.3232421875 0.759765625 0.07421875 0.14453125
0 0.43017578125 0.1162109375 0.0908203125 0.162109375
0 0.81005859375 0.216796875 0.0810546875 0.08984375
0 0.4990234375 0.3603515625 0.130859375 0.08203125
