0 0.85693359375 0.771484375 0.0810546875 0.08203125
0 0.79931640625 0.94970703125 0.0849609375 0.0986328125
0 0.14208984375 0.25390625 0.1728515625 0.099609375
0 0.1689453125 0.10107421875 0.111328125 0.0869140625
0 0.966796875 0.82568359375 0.0625 0.0966796875
0 0.23388671875 0.61962890625 0.0673828125 0.0654296875
0 0.64306640625 0.6884765625 0.1279296875 0.115234375
0 0.13134765625 0.9775390625 0.1376953125 0.04296875
0 0.50830078125 0.833984375 0.0849609375 0.1328125
0 0.97509765625 0.34814453125 0.0478515625 0.0947265625
0 0.8076171875 0.7001953125 0.12890625 0.1015625
0 0.23486328125 0.20068359375 0.1767578125 0.1474609375
0 0.640625 0.5634765625 0.1328125 0.125
0 0.09375 0.484375 0.080078125 0.08203125
0 0.41796875 0.96630859375 0.09765625 0.0634765625
0 0.04052734375 0.0244140625 0.0810546875 0.046875
0 0.07763671875 0.2412109375 0.1552734375 0.115234375
0 0.5107421875 0.33935546875 0.126953125 0.0869140625
0 0.2763671875 0.369140625 0.0625 0.0625
0 0.69677734375 0.81640625 0.0869140625 0.1640625
0 0.81640625 0.45458984375 0.08203125 0.1123046875
0 0.3427734375 0.9189453125 0.134765625 0.140625
0 0.8701171875 0.26171875 0.06640625 0.126953125
