0 0.8125 0.05029296875 0.140625 0.1005859375
0 0.7109375 0.88720703125 0.140625 0.1708984375
0 0.14501953125 0.076171875 0.2880859375 0.15234375
0 0.365234375 0.533203125 0.1640625 0.19140625
0 0.39599609375 0.95703125 0.0927734375 0.0859375
0 0.3974609375 0.2119140625 0.095703125 0.09375
0 0.64013671875 0.03759765625 0.0712890625 0.0634765625
0 0.82080078125 0.15576171875 0.1337890625 0.1533203125
0 0.6025390625 0.09033203125 0.083984375 0.0791015625
0 0.51123046875 0.24560546875 0.0986328125 0.0947265625
0 0.2177734375 0.5185546875 0.228515625 0.17578125
0 0.064453125 0.57958984375 0.12890625 0.1162109375
0 0.654296875 0.22021484375 0.08203125 0.0771484375
0 0.2373046875 0.328125 0.12109375 0.119140625
0 0.87109375 0.212890625 0.07421875 0.099609375
