0 0.22705078125 0.16845703125 0.0908203125 0.0751953125
0 0.5517578125 0.9287109375 0.072265625 0.142578125
0 0.17822265625 0.04443359375 0.0888671875 0.0830078125
0 0.04248046875 0.02294921875 0.0810546875 0.0419921875
0 0.61767578125 0.919921875 0.0732421875 0.1484375
0 0.5439453125 0.37646484375 0.08203125 0.1201171875
0 0.4794921875 0.93408203125 0.115234375 0.1298828125
0 0.2861328125 0.4453125 0.087890625 0.078125
0 0.6181640625 0.7646484375 0.09375 0.138671875
0 0.7490234375 0.1015625 0.111328125 0.087890625
0 0.96435546875 0.947265625 0.0693359375 0.103515625
0 0.03662109375 0.15625 0.0732421875 0.076171875
0 0.67041015625 0.8671875 0.0771484375 0.14453125
0 0.31298828125 0.6640625 0.0693359375 0.080078125
0 0.9443359375 0.77490234375 0.0703125 0.0869140625
0 0.95947265625 0.01513671875 0.0654296875 0.0302734375
0 0.0615234375 0.408203125 0.0859375 0.119140625
0 0.66357421875 0.0263671875 0.1220703125 0.052734375
0 0.3935546875 0.2724609375 0.072265625 0.15234375
0 0.38623046875 0.97900390625 0.0712890625 0.0400390625
0 0.81494140625 0.01904296875 0.0654296875 0.0341796875
0 0.28076171875 0.89501953125 0.0947265625 0.1103515625
0 0.6455078125 0.416015625 0.072265625 0.060546875
0 0.55419921875 0.57080078125 0.0673828125 0.1201171875
0 0.0791015625 0.71728515625 0.08984375 0.1455078125
0 0.9169921875 0.1005859375 0.123046875 0.068359375
0 0.51806640625 0.4453125 0.0712890625 0.111328125
0 0.04443359375 0.9228515625 0.0888671875 0.15234375
0 0.0859375 0.11328125 0.103515625 0.1171875
0 0.82568359375 0.35693359375 0.0966796875 0.0810546875
0 0.4091796875 0.81884765625 0.083984375 0.1181640625
