0 0.26318359375 0.150390625 0.0986328125 0.12109375
0 0.06982421875 0.91845703125 0.1396484375 0.1611328125
0 0.60693359375 0.3134765625 0.1845703125 0.1015625
0 0.970703125 0.755859375 0.056640625 0.123046875
0 0.681640625 0.37890625 0.2421875 0.1875
0 0.119140625 0.7763671875 0.23828125 0.1171875
0 0.646484375 0.42041015625 0.109375 0.1435546875
0 0.08642578125 0.61279296875 0.1728515625 0.1826171875
0 0.18994140625 0.47216796875 0.2294921875 0.1259765625
0 0.5439453125 0.06103515625 0.0703125 0.1220703125
0 0.02490234375 0.86376953125 0.0498046875 0.1357421875
0 0.25439453125 0.32861328125 0.1533203125 0.0439453125
0 0.48876953125 0.5673828125 0.1982421875 0.083984375
0 0.04638671875 0.3359375 0.0908203125 0.11328125
0 0.21533203125 0.384765625 0.1962890625 0.07421875
0 0.48193359375 0.009765625 0.0615234375 0.01953125
0 0.95751953125 0.0126953125 0.0830078125 0.025390625
0 0.9755859375 0.359375 0.048828125 0.103515625
0 0.42724609375 0.931640625 0.1591796875 0.134765625
0 0.28759765625 0.89111328125 0.1357421875 0.1103515625
0 0.259765625 0.064453125 0.091796875 0.080078125
0 0.07666015625 0.51708984375 0.1025390625 0.1357421875
0 0.59423828125 0.0087890625 0.0576171875 0.017578125
