0 0.41015625 0.43994140625 0.0703125 0.2001953125
0 0.24365234375 0.86181640625 0.1123046875 0.0693359375
0 0.95654296875 0.10498046875 0.0849609375 0.0615234375
0 0.4091796875 0.97509765625 0.1953125 0.0458984375
0 0.486328125 0.47216796875 0.06640625 0.1474609375
0 0.14111328125 0.06640625 0.0966796875 0.078125
0 0.05029296875 0.0283203125 0.1005859375 0.048828125
0 0.08447265625 0.03076171875 0.0810546875 0.0595703125
0 0.0185546875 0.61572265625 0.037109375 0.1552734375
0 0.3681640625 0.08251953125 0.1015625 0.1650390625
0 0.15625 0.849609375 0.06640625 0.05859375
0 0.22314453125 0.38330078125 0.0791015625 0.1240234375
0 0.537109375 0.19580078125 0.142578125 0.1376953125
0 0.65625 0.703125 0.095703125 0.12890625
0 0.0859375 0.6142578125 0.0859375 0.125
0 0.70458984375 0.51953125 0.2138671875 0.115234375
0 0.30859375 0.49609375 0.083984375 0.138671875
0 0.29345703125 0.71240234375 0.1865234375 0.1142578125
0 0.89990234375 0.56591796875 0.1142578125 0.1474609375
0 0.12255859375 0.45947265625 0.1123046875 0.2099609375
0 0.2158203125 0.138671875 0.080078125 0.052734375
0 0.55322265625 0.63671875 0.1181640625 0.095703125
0 0.97021484375 0.1396484375 0.0576171875 0.08203125
0 0.474609375 0.10546875 0.048828125 0.0390625
0 0.234375 0.974609375 0.123046875 0.048828125
0 0.81005859375 0.9306640625 0.2216796875 0.13671875
0 0.10791015625 0.97705078125 0.0849609375 0.0439453125
0 0.65087890625 0.93798828125 0.0947265625 0.0830078125
0 0.21337890625 0.61474609375 0.0693359375 0.1162109375
0 0.5458984375 0.97265625 0.140625 0.048828125
0 0.07763671875 0.1923828125 0.1474609375 0.125
