0 0.9462890625 0.2978515625 0.083984375 0.095703125
0 0.96875 0.82470703125 0.060546875 0.1416015625
0 0.10400390625 0.974609375 0.1025390625 0.046875
0 0.923828125 0.58154296875 0.0859375 0.0908203125
0 0.52685546875 0.49560546875 0.0595703125 0.0888671875
0 0.04736328125 0.62255859375 0.0947265625 0.0908203125
0 0.095703125 0.4501953125 0.06640625 0.1171875
0 0.5498046875 0.296875 0.119140625 0.123046875
0 0.818359375 0.58984375 0.16015625 0.125
0 0.3173828125 0.94580078125 0.10546875 0.1044921875
0 0.21142578125 0.9169921875 0.0888671875 0.1640625
0 0.74609375 0.27978515625 0.095703125 0.0908203125
0 0.66845703125 0.61962890625 0.1220703125 0.2099609375
0 0.54345703125 0.01318359375 0.0791015625 0.0263671875
0 0.23388671875 0.7080078125 0.0654296875 0.177734375
0 0.9677734375 0.01708984375 0.0625 0.0341796875
0 0.97802734375 0.380859375 0.0400390625 0.10546875
0 0.08154296875 0.3642578125 0.0888671875 0.140625
0 0.9052734375 0.35888671875 0.12890625 0.0634765625
0 0.0361328125 0.44482421875 0.072265625 0.1552734375
0 0.34375 0.0537109375 0.09765625 0.107421875
0 0.36279296875 0.984375 0.0732421875 0.029296875
0 0.58935546875 0.96484375 0.0751953125 0.06640625
0 0.787109375 0.34912109375 0.140625 0.1162109375
0 0.5908203125 0.58251953125 0.072265625 0.0751953125
0 0.421875 0.4384765625 0.189453125 0.26171875
0 0.81591796875 0.82373046875 0.1435546875 0.2216796875
0 0.40478515625 0.65185546875 0.0888671875 0.1318359375
0 0.755859375 0.91748046875 0.103515625 0.1162109375
