0 0.0849609375 0.58447265625 0.068359375 0.1396484375
0 0.36962890625 0.03857421875 0.0791015625 0.0771484375
0 0.3779296875 0.92578125 0.09375 0.1484375
0 0.6220703125 0.41064453125 0.083984375 0.0751953125
0 0.23583984375 0.96240234375 0.1533203125 0.0751953125
0 0.86376953125 0.88232421875 0.1376953125 0.1123046875
0 0.6787109375 0.64990234375 0.150390625 0.1201171875
0 0.48974609375 0.51025390625 0.1416015625 0.1474609375
0 0.15673828125 0.7197265625 0.0966796875 0.078125
0 0.5234375 0.45263671875 0.068359375 0.0849609375
0 0.728515625 0.68896484375 0.068359375 0.0927734375
0 0.7890625 0.54296875 0.154296875 0.07421875
0 0.55810546875 0.02490234375 0.1142578125 0.0498046875
0 0.0869140625 0.67138671875 0.154296875 0.0966796875
0 0.0556640625 0.42236328125 0.111328125 0.1396484375
0 0.43896484375 0.96484375 0.0986328125 0.0703125
0 0.79443359375 0.908203125 0.1611328125 0.1796875
0 0.72705078125 0.50537109375 0.1337890625 0.0986328125
0 0.43994140625 0.763671875 0.1064453125 0.09765625
0 0.88720703125 0.55615234375 0.1220703125 0.1337890625
0 0.59326171875 0.326171875 0.0986328125 0.083984375
0 0.28125 0.87744140625 0.146484375 0.0869140625
