0 0.892578125 0.79345703125 0.15625 0.1318359375
0 0.8837890625 0.0234375 0.119140625 0.046875
0 0.92626953125 0.91015625 0.1142578125 0.177734375
0 0.6533203125 0.9716796875 0.14453125 0.052734375
0 0.26025390625 0.853515625 0.0908203125 0.20703125
0 0.68212890625 0.75 0.2314453125 0.142578125
0 0.7841796875 0.65869140625 0.103515625 0.1025390625
0 0.73388671875 0.447265625 0.0849609375 0.162109375
0 0.97412109375 0.90771484375 0.0498046875 0.1806640625
0 0.89990234375 0.1162109375 0.1533203125 0.232421875
0 0.77880859375 0.95068359375 0.2021484375 0.0966796875
0 0.20361328125 0.474609375 0.0810546875 0.091796875
0 0.4541015625 0.42578125 0.087890625 0.134765625
0 0.63720703125 0.58447265625 0.1884765625 0.1103515625
0 0.20751953125 0.58154296875 0.0947265625 0.2294921875
0 0.4296875 0.95849609375 0.083984375 0.0810546875
0 0.96875 0.1875 0.060546875 0.15234375
0 0.5673828125 0.90185546875 0.248046875 0.0947265625
