0 0.6484375 0.583984375 0.0703125 0.1171875
0 0.9404296875 0.12890625 0.1171875 0.1015625
0 0.095703125 0.93212890625 0.1015625 0.0595703125
0 0.73779296875 0.3583984375 0.0986328125 0.125
0 0.1162109375 0.546875 0.16796875 0.126953125
0 0.1748046875 0.32958984375 0.109375 0.0888671875
0 0.87109375 0.1455078125 0.107421875 0.091796875
0 0.95458984375 0.9326171875 0.0888671875 0.1171875
0 0.24560546875 0.0361328125 0.0869140625 0.0703125
0 0.4091796875 0.91064453125 0.232421875 0.1435546875
0 0.96875 0.259765625 0.060546875 0.09375
0 0.984375 0.47265625 0.029296875 0.111328125
0 0.37255859375 0.5869140625 0.0771484375 0.126953125
0 0.20947265625 0.86767578125 0.1884765625 0.0830078125
0 0.57861328125 0.26416015625 0.1162109375 0.0712890625
0 0.4052734375 0.0634765625 0.109375 0.087890625
0 0.8037109375 0.7255859375 0.08203125 0.099609375
0 0.41748046875 0.29345703125 0.0849609375 0.1650390625
0 0.64111328125 0.19482421875 0.0634765625 0.0419921875
0 0.9052734375 0.04736328125 0.1875 0.0947265625
0 0.8173828125 0.3525390625 0.115234375 0.05859375
0 0.93505859375 0.380859375 0.1064453125 0.0859375
0 0.03759765625 0.2021484375 0.0751953125 0.111328125
0 0.84521484375 0.279296875 0.0810546875 0.076171875
0 0.63525390625 0.11279296875 0.1494140625 0.1240234375
