0 0.41796875 0.8408203125 0.076171875 0.115234375
0 0.072265625 0.0244140625 0.087890625 0.044921875
0 0.3642578125 0.26513671875 0.19140625 0.1044921875
0 0.62841796875 0.53564453125 0.1142578125 0.0986328125
0 0.4775390625 0.41259765625 0.12890625 0.0869140625
0 0.25634765625 0.193359375 0.1298828125 0.140625
0 0.21142578125 0.10400390625 0.0869140625 0.2080078125
0 0.61962890625 0.9228515625 0.0888671875 0.099609375
0 0.94873046875 0.59521484375 0.1005859375 0.1025390625
0 0.23828125 0.2890625 0.076171875 0.0859375
0 0.75732421875 0.81689453125 0.1474609375 0.0732421875
0 0.267578125 0.361328125 0.14453125 0.087890625
0 0.81689453125 0.92626953125 0.1162109375 0.1357421875
0 0.5751953125 0.69091796875 0.076171875 0.1103515625
0 0.7587890625 0.27392578125 0.150390625 0.0888671875
0 0.51171875 0.22021484375 0.1171875 0.0947265625
0 0.13134765625 0.47119140625 0.0830078125 0.1064453125
0 0.37744140625 0.96435546875 0.0947265625 0.0693359375
0 0.294921875 0.93310546875 0.12109375 0.1318359375
0 0.60205078125 0.4716796875 0.1513671875 0.251953125
0 0.37939453125 0.0341796875 0.0849609375 0.064453125
