0 0.876953125 0.68212890625 0.095703125 0.1533203125
0 0.03369140625 0.62255859375 0.0673828125 0.0712890625
0 0.6298828125 0.970703125 0.083984375 0.0546875
0 0.0693359375 0.09423828125 0.138671875 0.0751953125
0 0.14013671875 0.51416015625 0.1748046875 0.1337890625
0 0.9404296875 0.15673828125 0.10546875 0.0908203125
0 0.9794921875 0.68017578125 0.0390625 0.1123046875
0 0.9541015625 0.5634765625 0.068359375 0.111328125
0 0.10498046875 0.89794921875 0.1494140625 0.0966796875
0 0.146484375 0.6103515625 0.142578125 0.08984375
0 0.58203125 0.8828125 0.08203125 0.08984375
0 0.83984375 0.8544921875 0.119140625 0.08203125
0 0.05810546875 0.3115234375 0.1162109375 0.11328125
0 0.2802734375 0.70556640625 0.087890625 0.1103515625
0 0.56884765625 0.77685546875 0.2294921875 0.1181640625
0 0.88037109375 0.42236328125 0.1162109375 0.1865234375
0 0.97998046875 0.4892578125 0.0380859375 0.1328125
0 0.6728515625 0.16845703125 0.119140625 0.0556640625
