0 0.96728515625 0.95849609375 0.0634765625 0.0771484375
0 0.25830078125 0.62060546875 0.1298828125 0.0712890625
0 0.96630859375 0.75146484375 0.0654296875 0.1201171875
0 0.2109375 0.767578125 0.1015625 0.099609375
0 0.109375 0.9208984375 0.044921875 0.05859375
0 0.59716796875 0.0654296875 0.1162109375 0.126953125
0 0.20703125 0.97021484375 0.06640625 0.0576171875
0 0.4140625 0.859375 0.091796875 0.111328125
0 0.25146484375 0.85791015625 0.1494140625 0.1044921875
0 0.49658203125 0.96044921875 0.1162109375 0.0712890625
0 0.81494140625 0.9794921875 0.0771484375 0.037109375
0 0.6474609375 0.73974609375 0.087890625 0.1103515625
0 0.720703125 0.3662109375 0.119140625 0.138671875
0 0.4580078125 0.69580078125 0.1171875 0.1767578125
0 0.06787109375 0.51416015625 0.1025390625 0.1298828125
0 0.01953125 0.3544921875 0.0390625 0.072265625
0 0.162109375 0.39990234375 0.09375 0.1376953125
0 0.0234375 0.09375 0.046875 0.078125
0 0.2880859375 0.28076171875 0.12109375 0.0966796875
0 0.9404296875 0.36865234375 0.1171875 0.0908203125
0 0.22509765625 0.10009765625 0.1162109375 0.0830078125
0 0.1083984375 0.271484375 0.087890625 0.09375
0 0.9404296875 0.216796875 0.08984375 0.111328125
0 0.8564453125 0.90576171875 0.09765625 0.1396484375
