0 0.78662109375 0.62451171875 0.1123046875 0.0908203125
0 0.92041015625 0.75927734375 0.0693359375 0.0732421875
0 0.2666015625 0.42919921875 0.076171875 0.0908203125
0 0.39892578125 0.2119140625 0.0986328125 0.11328125
0 0.0361328125 0.04833984375 0.072265625 0.0966796875
0 0.16064453125 0.275390625 0.1044921875 0.12890625
0 0.16015625 0.89453125 0.09375 0.1484375
0 0.24365234375 0.98193359375 0.0751953125 0.0322265625
0 0.556640625 0.74072265625 0.0703125 0.1201171875
0 0.55224609375 0.50048828125 0.0654296875 0.0791015625
0 0.375 0.79345703125 0.099609375 0.1318359375
0 0.88720703125 0.912109375 0.0830078125 0.13671875
0 0.962890625 0.8603515625 0.072265625 0.119140625
0 0.46923828125 0.947265625 0.0888671875 0.1015625
0 0.41357421875 0.0361328125 0.1064453125 0.072265625
0 0.81884765625 0.85546875 0.0732421875 0.142578125
0 0.369140625 0.09521484375 0.126953125 0.0947265625
0 0.197265625 0.60546875 0.150390625 0.142578125
