0 0.20849609375 0.712890625 0.0947265625 0.197265625
0 0.32275390625 0.7998046875 0.0986328125 0.19921875
0 0.455078125 0.71728515625 0.1015625 0.0986328125
0 0.31640625 0.6025390625 0.158203125 0.1875
0 0.2099609375 0.53759765625 0.125 0.0693359375
0 0.29833984375 0.05224609375 0.1533203125 0.0791015625
0 0.05517578125 0.12158203125 0.1103515625 0.1240234375
0 0.80029296875 0.1474609375 0.0986328125 0.158203125
0 0.787109375 0.236328125 0.1640625 0.080078125
0 0.11962890625 0.314453125 0.0751953125 0.228515625
0 0.84326171875 0.986328125 0.2041015625 0.021484375
0 0.0859375 0.9453125 0.087890625 0.109375
0 0.23681640625 0.8974609375 0.1474609375 0.09765625
0 0.10302734375 0.634765625 0.2060546875 0.08984375
0 0.9736328125 0.27685546875 0.05078125 0.1611328125
0 0.48583984375 0.5498046875 0.1064453125 0.203125
0 0.22900390625 0.0380859375 0.1064453125 0.076171875
0 0.80859375 0.28662109375 0.169921875 0.0908203125
0 0.65625 0.25 0.125 0.171875
0 0.07568359375 0.12548828125 0.0478515625 0.1025390625
0 0.59130859375 0.09521484375 0.0966796875 0.1884765625
0 0.07958984375 0.046875 0.1591796875 0.08984375
