0 0.09033203125 0.21826171875 0.0791015625 0.0654296875
0 0.4521484375 0.2783203125 0.072265625 0.076171875
0 0.40185546875 0.0595703125 0.0869140625 0.087890625
0 0.72509765625 0.23193359375 0.0751953125 0.0927734375
0 0.06201171875 0.76708984375 0.0908203125 0.0634765625
0 0.9462890625 0.68115234375 0.10546875 0.0888671875
0 0.65185546875 0.2216796875 0.0849609375 0.123046875
0 0.740234375 0.61962890625 0.08203125 0.0751953125
0 0.40771484375 0.94921875 0.0927734375 0.1015625
0 0.6064453125 0.69677734375 0.091796875 0.1240234375
0 0.49951171875 0.482421875 0.1240234375 0.087890625
0 0.5732421875 0.84521484375 0.087890625 0.0673828125
0 0.26025390625 0.53564453125 0.1083984375 0.1357421875
0 0.3662109375 0.42529296875 0.095703125 0.1005859375
0 0.97412109375 0.28662109375 0.0517578125 0.0947265625
0 0.19140625 0.40087890625 0.09375 0.0751953125
0 0.72265625 0.978515625 0.09375 0.04296875
0 0.44677734375 0.37890625 0.0810546875 0.07421875
0 0.6396484375 0.8603515625 0.115234375 0.1015625
0 0.0810546875 0.3818359375 0.115234375 0.0859375
0 0.03466796875 0.24072265625 0.0693359375 0.1318359375
0 0.033203125 0.166015625 0.06640625 0.10546875
0 0.31787109375 0.95751953125 0.1591796875 0.0810546875
0 0.4873046875 0.0615234375 0.091796875 0.123046875
0 0.2724609375 0.021484375 0.076171875 0.04296875
0 0.90576171875 0.96337890625 0.1025390625 0.0732421875
0 0.1630859375 0.18017578125 0.091796875 0.0927734375
0 0.701171875 0.83935546875 0.08203125 0.0732421875
0 0.150390625 0.0771484375 0.111328125 0.083984375
0 0.39208984375 0.24951171875 0.0771484375 0.1044921875
0 0.0263671875 0.59716796875 0.052734375 0.0751953125
0 0.1103515625 0.0517578125 0.0859375 0.1015625
0 0.75732421875 0.33447265625 0.0869140625 0.0908203125
0 0.2587890625 0.3330078125 0.197265625 0.1953125
