0 0.82421875 0.1474609375 0.080078125 0.119140625
0 0.7744140625 0.5810546875 0.080078125 0.09765625
0 0.67333984375 0.38232421875 0.0771484375 0.0986328125
0 0.33251953125 0.9755859375 0.0791015625 0.046875
0 0.20703125 0.953125 0.072265625 0.0546875
0 0.8798828125 0.26953125 0.08984375 0.12109375
0 0.94189453125 0.0947265625 0.1142578125 0.0859375
0 0.3955078125 0.1650390625 0.076171875 0.12890625
0 0.6103515625 0.822265625 0.103515625 0.115234375
0 0.08642578125 0.23779296875 0.1728515625 0.2255859375
0 0.97998046875 0.27880859375 0.0380859375 0.1455078125
0 0.42236328125 0.830078125 0.0771484375 0.076171875
0 0.984375 0.04541015625 0.029296875 0.0888671875
0 0.1611328125 0.25830078125 0.06640625 0.0986328125
0 0.5888671875 0.88134765625 0.0859375 0.0732421875
0 0.580078125 0.18505859375 0.060546875 0.0927734375
0 0.12158203125 0.07666015625 0.1220703125 0.1533203125
0 0.0400390625 0.0341796875 0.080078125 0.068359375
0 0.4912109375 0.03076171875 0.064453125 0.0595703125
0 0.041015625 0.4638671875 0.08203125 0.0546875
0 0.5302734375 0.21337890625 0.08203125 0.0595703125
0 0.96533203125 0.2177734375 0.0673828125 0.068359375
0 0.970703125 0.4794921875 0.05859375 0.099609375
0 0.416015625 0.98046875 0.06640625 0.037109375
0 0.1357421875 0.1962890625 0.0546875 0.10546875
0 0.75732421875 0.607421875 0.0732421875 0.056640625
0 0.00830078125 0.72607421875 0.0166015625 0.0771484375
0 0.7041015625 0.04736328125 0.080078125 0.0947265625
0 0.2138671875 0.3310546875 0.0625 0.119140625
0 0.5810546875 0.01513671875 0.091796875 0.0283203125
0 0.37451171875 0.29931640625 0.0654296875 0.1083984375
0 0.24072265625 0.80126953125 0.1513671875 0.0654296875
