0 0.95166015625 0.25537109375 0.0947265625 0.1103515625
0 0.84423828125 0.6611328125 0.2119140625 0.140625
0 0.06982421875 0.41943359375 0.1259765625 0.0966796875
0 0.06396484375 0.54833984375 0.0810546875 0.0869140625
0 0.5205078125 0.095703125 0.1171875 0.125
0 0.72216796875 0.58154296875 0.1982421875 0.0693359375
0 0.962890625 0.4306640625 0.072265625 0.09765625
0 0.111328125 0.08544921875 0.177734375 0.1650390625
0 0.8427734375 0.25341796875 0.072265625 0.0732421875
0 0.87255859375 0.41796875 0.0595703125 0.064453125
0 0.86181640625 0.9443359375 0.1064453125 0.109375
0 0.01123046875 0.56494140625 0.0224609375 0.1201171875
0 0.64501953125 0.26123046875 0.1123046875 0.1787109375
0 0.40185546875 0.9013671875 0.1318359375 0.0859375
0 0.1494140625 0.19677734375 0.09765625 0.0791015625
0 0.61474609375 0.095703125 0.0947265625 0.123046875
0 0.18896484375 0.29248046875 0.1435546875 0.1416015625
0 0.09912109375 0.5986328125 0.1259765625 0.08203125
0 0.40380859375 0.79052734375 0.0888671875 0.0810546875
0 0.0146484375 0.07421875 0.029296875 0.12109375
0 0.3330078125 0.7080078125 0.12109375 0.095703125
0 0.3056640625 0.33935546875 0.111328125 0.0947265625
0 0.60498046875 0.94970703125 0.1103515625 0.0986328125
0 0.69189453125 0.7099609375 0.0966796875 0.08203125
0 0.8017578125 0.412109375 0.119140625 0.16796875
0 0.51416015625 0.7607421875 0.1240234375 0.119140625
0 0.76611328125 0.84423828125 0.0654296875 0.1123046875
0 0.490234375 0.271484375 0.173828125 0.197265625
0 0.470703125 0.3994140625 0.123046875 0.10546875
0 0.50146484375 0.02294921875 0.1005859375 0.0458984375
