0 0.72998046875 0.732421875 0.0966796875 0.078125
0 0.3984375 0.931640625 0.06640625 0.08203125
0 0.3203125 0.1494140625 0.107421875 0.103515625
0 0.18505859375 0.13232421875 0.1259765625 0.0947265625
0 0.52294921875 0.72802734375 0.0830078125 0.1064453125
0 0.23828125 0.9013671875 0.158203125 0.099609375
0 0.134765625 0.5712890625 0.134765625 0.09375
0 0.95068359375 0.3603515625 0.0966796875 0.126953125
0 0.95458984375 0.7666015625 0.0888671875 0.125
0 0.55419921875 0.8671875 0.0712890625 0.123046875
0 0.71484375 0.45654296875 0.076171875 0.0908203125
0 0.37255859375 0.30224609375 0.0615234375 0.0576171875
0 0.96044921875 0.1298828125 0.0771484375 0.09375
0 0.478515625 0.048828125 0.099609375 0.095703125
0 0.50244140625 0.10302734375 0.0654296875 0.0927734375
0 0.310546875 0.4267578125 0.072265625 0.076171875
0 0.87646484375 0.55810546875 0.1064453125 0.0947265625
0 0.1328125 0.228515625 0.08203125 0.1015625
0 0.25390625 0.76806640625 0.07421875 0.0869140625
0 0.4482421875 0.447265625 0.08984375 0.08984375
0 0.158203125 0.9609375 0.12890625 0.078125
0 0.89599609375 0.16162109375 0.0869140625 0.1142578125
0 0.31689453125 0.01171875 0.0634765625 0.0234375
0 0.07275390625 0.69921875 0.0771484375 0.0859375
0 0.52587890625 0.2666015625 0.0693359375 0.046875
0 0.2958984375 0.64794921875 0.091796875 0.0595703125
0 0.20849609375 0.02978515625 0.1005859375 0.0576171875
0 0.95361328125 0.97314453125 0.0771484375 0.0498046875
0 0.86474609375 0.87255859375 0.0986328125 0.1025390625
0 0.82373046875 0.18115234375 0.0673828125 0.0654296875
0 0.78857421875 0.98828125 0.0673828125 0.0234375
0 0.0537109375 0.29345703125 0.107421875 0.0712890625
0 0.75634765625 0.18115234375 0.0673828125 0.0947265625
0 0.8447265625 0.43896484375 0.10546875 0.0947265625
0 0.34033203125 0.677734375 0.1064453125 0.087890625
0 0.33154296875 0.775390625 0.1201171875 0.099609375
0 0.53125 0.7998046875 0.08984375 0.076171875
0 0.63037109375 0.92529296875 0.1162109375 0.0732421875
0 0.5947265625 0.37890625 0.126953125 0.16796875
