0 0.4736328125 0.9384765625 0.091796875 0.119140625
0 0.13818359375 0.4453125 0.1181640625 0.08984375
0 0.7958984375 0.033203125 0.103515625 0.06640625
0 0.32763671875 0.73486328125 0.0791015625 0.0791015625
0 0.044921875 0.2412109375 0.08984375 0.099609375
0 0.33154296875 0.33203125 0.1083984375 0.08984375
0 0.81640625 0.54443359375 0.10546875 0.1220703125
0 0.54736328125 0.8740234375 0.2607421875 0.25
0 0.07666015625 0.72119140625 0.1533203125 0.2705078125
0 0.82861328125 0.4169921875 0.1162109375 0.083984375
0 0.64013671875 0.52734375 0.1083984375 0.0859375
0 0.5400390625 0.42236328125 0.107421875 0.1357421875
0 0.451171875 0.30322265625 0.095703125 0.0849609375
0 0.4541015625 0.55712890625 0.1015625 0.1845703125
0 0.2197265625 0.609375 0.119140625 0.126953125
0 0.21484375 0.5048828125 0.2265625 0.185546875
0 0.08251953125 0.32421875 0.1650390625 0.1328125
0 0.810546875 0.2236328125 0.111328125 0.078125
0 0.87109375 0.96826171875 0.099609375 0.0576171875
0 0.2216796875 0.82177734375 0.1015625 0.1591796875
0 0.0556640625 0.62353515625 0.0859375 0.0673828125
0 0.92724609375 0.03515625 0.0888671875 0.068359375
0 0.8388671875 0.49658203125 0.08203125 0.0947265625
0 0.66357421875 0.98876953125 0.0693359375 0.0205078125
0 0.3203125 0.265625 0.107421875 0.09375
0 0.1748046875 0.85546875 0.029296875 0.06640625
0 0.67529296875 0.84033203125 0.1044921875 0.1376953125
0 0.41259765625 0.78369140625 0.1162109375 0.0830078125
