0 0.8134765625 0.453125 0.140625 0.11328125
0 0.55859375 0.845703125 0.146484375 0.076171875
0 0.384765625 0.77783203125 0.091796875 0.0888671875
0 0.40283203125 0.3232421875 0.0927734375 0.13671875
0 0.91259765625 0.58447265625 0.1337890625 0.1103515625
0 0.56298828125 0.240234375 0.1005859375 0.08984375
0 0.0244140625 0.06787109375 0.048828125 0.0830078125
0 0.4990234375 0.935546875 0.080078125 0.125
0 0.28857421875 0.24560546875 0.1416015625 0.0869140625
0 0.03076171875 0.55029296875 0.0615234375 0.1435546875
0 0.037109375 0.20263671875 0.07421875 0.1494140625
0 0.02783203125 0.70361328125 0.0556640625 0.1083984375
0 0.81982421875 0.255859375 0.0986328125 0.162109375
0 0.3955078125 0.4208984375 0.068359375 0.09375
0 0.8544921875 0.9677734375 0.083984375 0.060546875
0 0.30029296875 0.32958984375 0.0869140625 0.0693359375
0 0.5810546875 0.1025390625 0.150390625 0.087890625
0 0.2734375 0.7001953125 0.1015625 0.11328125
0 0.94873046875 0.36376953125 0.1005859375 0.0888671875
0 0.69189453125 0.77294921875 0.1162109375 0.1455078125
0 0.21240234375 0.4658203125 0.0810546875 0.107421875
0 0.373046875 0.8466796875 0.103515625 0.064453125
