0 0.078125 0.8505859375 0.09375 0.103515625
0 0.591796875 0.40478515625 0.083984375 0.1279296875
0 0.529296875 0.7880859375 0.0859375 0.080078125
0 0.03271484375 0.359375 0.0654296875 0.0625
0 0.853515625 0.86669921875 0.09765625 0.1240234375
0 0.24072265625 0.53857421875 0.0888671875 0.0908203125
0 0.2626953125 0.04541015625 0.095703125 0.0849609375
0 0.685546875 0.39404296875 0.1171875 0.1201171875
0 0.470703125 0.974609375 0.078125 0.048828125
0 0.25244140625 0.78515625 0.1376953125 0.0859375
0 0.86962890625 0.16748046875 0.1650390625 0.1201171875
0 0.85693359375 0.78271484375 0.1162109375 0.0869140625
0 0.3125 0.17236328125 0.080078125 0.0712890625
0 0.42138671875 0.65478515625 0.1298828125 0.1025390625
0 0.3583984375 0.2529296875 0.0859375 0.0859375
0 0.31005859375 0.40625 0.0888671875 0.126953125
0 0.94091796875 0.1689453125 0.1162109375 0.109375
0 0.95263671875 0.7333984375 0.0927734375 0.099609375
0 0.77001953125 0.90966796875 0.0771484375 0.1767578125
0 0.97412109375 0.041015625 0.0498046875 0.080078125
0 0.69970703125 0.0185546875 0.0908203125 0.037109375
0 0.16845703125 0.32275390625 0.0810546875 0.0888671875
0 0.40625 0.06298828125 0.109375 0.1220703125
0 0.22119140625 0.2353515625 0.0908203125 0.078125
0 0.55712890625 0.97216796875 0.0869140625 0.0537109375
0 0.87646484375 0.9794921875 0.0771484375 0.0390625
0 0.7861328125 0.61572265625 0.142578125 0.0810546875
