0 0.29833984375 0.53955078125 0.0986328125 0.1103515625
0 0.17822265625 0.7236328125 0.1005859375 0.060546875
0 0.4921875 0.078125 0.08203125 0.0625
0 0.60107421875 0.12255859375 0.1669921875 0.0751953125
0 0.470703125 0.57080078125 0.068359375 0.0947265625
0 0.43603515625 0.705078125 0.1357421875 0.12890625
0 0.5625 0.19287109375 0.1171875 0.0849609375
0 0.9228515625 0.97021484375 0.150390625 0.0556640625
0 0.03369140625 0.04443359375 0.0673828125 0.0869140625
0 0.51806640625 0.46484375 0.1376953125 0.150390625
0 0.3681640625 0.525390625 0.08203125 0.1484375
0 0.2841796875 0.82958984375 0.11328125 0.0888671875
0 0.61376953125 0.87451171875 0.1123046875 0.1552734375
0 0.23779296875 0.48876953125 0.0615234375 0.0791015625
0 0.5654296875 0.7802734375 0.080078125 0.1328125
0 0.60693359375 0.03125 0.1025390625 0.060546875
0 0.3037109375 0.37060546875 0.1171875 0.1279296875
0 0.16357421875 0.67138671875 0.1103515625 0.0732421875
0 0.52587890625 0.54345703125 0.0556640625 0.0927734375
0 0.81640625 0.95751953125 0.072265625 0.0771484375
0 0.9208984375 0.640625 0.15625 0.103515625
0 0.35205078125 0.30810546875 0.1201171875 0.0712890625
0 0.3955078125 0.9541015625 0.16796875 0.08984375
0 0.8798828125 0.19287109375 0.140625 0.1298828125
0 0.08349609375 0.1787109375 0.1435546875 0.162109375
0 0.40576171875 0.41552734375 0.1083984375 0.0517578125
0 0.94189453125 0.5908203125 0.1142578125 0.09375
0 0.900390625 0.81005859375 0.080078125 0.1220703125
0 0.91943359375 0.13623046875 0.1044921875 0.0966796875
0 0.19775390625 0.5302734375 0.0849609375 0.158203125
0 0.64990234375 0.521484375 0.1513671875 0.1484375
0 0.03369140625 0.60009765625 0.0673828125 0.1083984375
0 0.9677734375 0.69970703125 0.0625 0.0966796875
0 0.185546875 0.138671875 0.0625 0.072265625
