0 0.15576171875 0.833984375 0.0966796875 0.185546875
0 0.26513671875 0.7421875 0.0712890625 0.0703125
0 0.24755859375 0.228515625 0.0751953125 0.076171875
0 0.56640625 0.91259765625 0.056640625 0.0634765625
0 0.9384765625 0.1123046875 0.12109375 0.08984375
0 0.87939453125 0.02099609375 0.0908203125 0.0400390625
0 0.56640625 0.240234375 0.076171875 0.107421875
0 0.0087890625 0.29296875 0.017578125 0.08984375
0 0.21435546875 0.8798828125 0.0615234375 0.130859375
0 0.37255859375 0.78857421875 0.0830078125 0.0693359375
0 0.96142578125 0.8466796875 0.0751953125 0.091796875
0 0.9091796875 0.9287109375 0.119140625 0.08203125
0 0.37451171875 0.2041015625 0.0693359375 0.083984375
0 0.56982421875 0.107421875 0.0947265625 0.103515625
0 0.16357421875 0.13232421875 0.0947265625 0.0810546875
0 0.02734375 0.501953125 0.0546875 0.06640625
0 0.939453125 0.35107421875 0.103515625 0.0830078125
0 0.68310546875 0.021484375 0.1064453125 0.04296875
0 0.80126953125 0.720703125 0.0634765625 0.064453125
0 0.263671875 0.56396484375 0.060546875 0.1083984375
0 0.13427734375 0.01904296875 0.0654296875 0.0380859375
0 0.25146484375 0.30517578125 0.0810546875 0.1376953125
0 0.34375 0.2900390625 0.08984375 0.1015625
0 0.2548828125 0.08447265625 0.078125 0.0908203125
0 0.9189453125 0.97412109375 0.16015625 0.0478515625
0 0.3349609375 0.53857421875 0.087890625 0.1103515625
0 0.44091796875 0.333984375 0.0791015625 0.103515625
0 0.26806640625 0.01220703125 0.0634765625 0.0244140625
0 0.86328125 0.24658203125 0.07421875 0.0888671875
0 0.94482421875 0.5693359375 0.1064453125 0.123046875
0 0.14208984375 0.96435546875 0.0947265625 0.0693359375
0 0.31640625 0.69091796875 0.10546875 0.1025390625
0 0.91015625 0.060546875 0.087890625 0.08984375
0 0.64453125 0.9677734375 0.07421875 0.05078125
0 0.7939453125 0.11669921875 0.06640625 0.0869140625
0 0.19873046875 0.32373046875 0.1123046875 0.1083984375
0 0.4345703125 0.97607421875 0.09375 0.0439453125
