0 0.2001953125 0.46630859375 0.078125 0.1728515625
0 0.7802734375 0.66455078125 0.09375 0.0751953125
0 0.02587890625 0.58740234375 0.0517578125 0.1142578125
0 0.0341796875 0.16015625 0.068359375 0.12109375
0 0.8681640625 0.205078125 0.162109375 0.08203125
0 0.3564453125 0.759765625 0.0859375 0.134765625
0 0.12939453125 0.27587890625 0.0673828125 0.0732421875
0 0.1162109375 0.3427734375 0.123046875 0.0859375
0 0.28955078125 0.9619140625 0.0888671875 0.072265625
0 0.69775390625 0.0732421875 0.0771484375 0.140625
0 0.9189453125 0.751953125 0.09375 0.109375
0 0.88330078125 0.646484375 0.0634765625 0.09375
0 0.34619140625 0.43017578125 0.0302734375 0.0419921875
0 0.69482421875 0.8671875 0.1416015625 0.14453125
0 0.60205078125 0.6064453125 0.0576171875 0.07421875
0 0.02392578125 0.34814453125 0.0478515625 0.0810546875
0 0.72802734375 0.609375 0.0478515625 0.052734375
0 0.0791015625 0.25927734375 0.072265625 0.0712890625
0 0.517578125 0.55810546875 0.107421875 0.0673828125
0 0.54443359375 0.82080078125 0.0771484375 0.1201171875
0 0.1953125 0.65625 0.08984375 0.076171875
0 0.40966796875 0.03173828125 0.0673828125 0.0634765625
0 0.61376953125 0.025390625 0.0595703125 0.05078125
0 0.978515625 0.4091796875 0.0390625 0.044921875
0 0.69580078125 0.548828125 0.0615234375 0.078125
0 0.390625 0.85107421875 0.0703125 0.0927734375
0 0.904296875 0.86767578125 0.095703125 0.0771484375
0 0.15087890625 0.59521484375 0.1982421875 0.0908203125
0 0.474609375 0.80859375 0.10546875 0.08203125
0 0.29736328125 0.65771484375 0.0966796875 0.0927734375
0 0.37451171875 0.33154296875 0.0947265625 0.0849609375
0 0.1962890625 0.3095703125 0.123046875 0.08203125
0 0.23046875 0.4482421875 0.17578125 0.0859375
0 0.74169921875 0.845703125 0.0849609375 0.10546875
0 0.13330078125 0.87939453125 0.0966796875 0.0888671875
