0 0.60107421875 0.07470703125 0.0947265625 0.1298828125
0 0.04443359375 0.68505859375 0.0888671875 0.1005859375
0 0.9345703125 0.45166015625 0.06640625 0.0830078125
0 0.4228515625 0.27880859375 0.1015625 0.0966796875
0 0.02685546875 0.84423828125 0.0537109375 0.1611328125
0 0.1845703125 0.1552734375 0.080078125 0.064453125
0 0.62744140625 0.41552734375 0.1103515625 0.1123046875
0 0.509765625 0.8125 0.138671875 0.130859375
0 0.60595703125 0.72412109375 0.0927734375 0.1337890625
0 0.63427734375 0.8212890625 0.1337890625 0.05859375
0 0.75634765625 0.82080078125 0.0849609375 0.0908203125
0 0.97900390625 0.80810546875 0.0361328125 0.0556640625
0 0.28759765625 0.09765625 0.1025390625 0.19140625
0 0.375 0.92822265625 0.15234375 0.1416015625
0 0.615234375 0.912109375 0.12109375 0.138671875
