0 0.25048828125 0.3857421875 0.1025390625 0.126953125
0 0.8603515625 0.685546875 0.123046875 0.064453125
0 0.83154296875 0.974609375 0.1669921875 0.046875
0 0.57763671875 0.166015625 0.1005859375 0.16015625
0 0.0390625 0.587890625 0.078125 0.1171875
0 0.95703125 0.12353515625 0.08203125 0.1240234375
0 0.38818359375 0.48974609375 0.1337890625 0.1123046875
0 0.263671875 0.0849609375 0.140625 0.16015625
0 0.96875 0.708984375 0.05859375 0.072265625
0 0.77587890625 0.36572265625 0.2236328125 0.1123046875
0 0.1220703125 0.88671875 0.2421875 0.109375
0 0.67529296875 0.22021484375 0.0927734375 0.0927734375
0 0.92041015625 0.03564453125 0.1337890625 0.0673828125
0 0.83740234375 0.1640625 0.0966796875 0.109375
0 0.955078125 0.25732421875 0.087890625 0.1298828125
0 0.90087890625 0.61474609375 0.1962890625 0.0947265625
