0 0.53369140625 0.3818359375 0.0693359375 0.126953125
0 0.1923828125 0.95556640625 0.0859375 0.0849609375
0 0.671875 0.91943359375 0.095703125 0.1591796875
0 0.43212890625 0.03466796875 0.0888671875 0.0654296875
0 0.26513671875 0.51025390625 0.1318359375 0.1259765625
0 0.9169921875 0.50439453125 0.091796875 0.1279296875
0 0.65087890625 0.7490234375 0.0654296875 0.083984375
0 0.31640625 0.96728515625 0.072265625 0.0595703125
0 0.4189453125 0.4921875 0.1015625 0.10546875
0 0.52490234375 0.20849609375 0.0966796875 0.0986328125
0 0.03125 0.421875 0.0625 0.09765625
0 0.869140625 0.07568359375 0.109375 0.1103515625
0 0.31298828125 0.658203125 0.0830078125 0.1640625
0 0.84130859375 0.822265625 0.0966796875 0.169921875
0 0.5263671875 0.85595703125 0.09375 0.0791015625
0 0.83544921875 0.6494140625 0.0830078125 0.07421875
0 0.37890625 0.89794921875 0.103515625 0.1142578125
0 0.59375 0.0439453125 0.080078125 0.08203125
0 0.22900390625 0.78173828125 0.0634765625 0.1396484375
0 0.35595703125 0.14111328125 0.1220703125 0.0986328125
0 0.0576171875 0.14794921875 0.115234375 0.1337890625
0 0.02734375 0.8828125 0.0546875 0.123046875
0 0.388671875 0.2685546875 0.087890625 0.103515625
0 0.53173828125 0.6298828125 0.0869140625 0.103515625
0 0.0322265625 0.693359375 0.064453125 0.07421875
0 0.29052734375 0.02783203125 0.0693359375 0.0517578125
