0 0.7294921875 0.19677734375 0.09375 0.1455078125
0 0.98486328125 0.6162109375 0.0283203125 0.107421875
0 0.92578125 0.4658203125 0.095703125 0.083984375
0 0.57080078125 0.728515625 0.0615234375 0.17578125
0 0.220703125 0.23388671875 0.125 0.0966796875
0 0.666015625 0.38427734375 0.099609375 0.0810546875
0 0.052734375 0.22216796875 0.10546875 0.1064453125
0 0.02490234375 0.58154296875 0.0498046875 0.0849609375
0 0.1044921875 0.42041015625 0.1484375 0.1279296875
0 0.82763671875 0.517578125 0.0830078125 0.109375
0 0.73388671875 0.46044921875 0.1591796875 0.1142578125
0 0.32421875 0.10888671875 0.099609375 0.0888671875
0 0.1923828125 0.42626953125 0.111328125 0.1064453125
0 0.44482421875 0.0556640625 0.0966796875 0.087890625
0 0.85986328125 0.734375 0.0771484375 0.12890625
0 0.26025390625 0.9619140625 0.1318359375 0.076171875
0 0.15283203125 0.94775390625 0.0869140625 0.1044921875
0 0.77978515625 0.0400390625 0.1376953125 0.080078125
0 0.72802734375 0.9638671875 0.1591796875 0.068359375
0 0.95947265625 0.732421875 0.0791015625 0.115234375
0 0.4755859375 0.77490234375 0.138671875 0.0927734375
0 0.8349609375 0.32421875 0.193359375 0.1328125
0 0.796875 0.658203125 0.111328125 0.06640625
0 0.95556640625 0.2861328125 0.0888671875 0.130859375
