0 0.328125 0.14013671875 0.09765625 0.1748046875
0 0.40966796875 0.177734375 0.0732421875 0.091796875
0 0.7333984375 0.23876953125 0.078125 0.1494140625
0 0.41259765625 0.97021484375 0.1064453125 0.0576171875
0 0.6318359375 0.04541015625 0.07421875 0.0908203125
0 0.91259765625 0.31103515625 0.1494140625 0.0927734375
0 0.5849609375 0.904296875 0.123046875 0.1328125
0 0.79296875 0.0693359375 0.12109375 0.1015625
0 0.23193359375 0.55615234375 0.1220703125 0.0810546875
0 0.6767578125 0.435546875 0.0703125 0.0546875
0 0.9814453125 0.39501953125 0.03515625 0.0732421875
0 0.2880859375 0.2783203125 0.13671875 0.115234375
0 0.904296875 0.37451171875 0.14453125 0.0791015625
0 0.9169921875 0.17919921875 0.1640625 0.1181640625
0 0.88916015625 0.70849609375 0.1513671875 0.1240234375
0 0.76171875 0.7939453125 0.115234375 0.103515625
0 0.75390625 0.515625 0.130859375 0.099609375
0 0.7841796875 0.13330078125 0.185546875 0.1044921875
0 0.505859375 0.20947265625 0.07421875 0.0927734375
0 0.23681640625 0.35302734375 0.0830078125 0.0830078125
0 0.57470703125 0.61083984375 0.1123046875 0.1083984375
0 0.173828125 0.533203125 0.115234375 0.068359375
0 0.9326171875 0.876953125 0.1328125 0.072265625
0 0.94921875 0.9755859375 0.099609375 0.044921875
0 0.51513671875 0.630859375 0.1494140625 0.115234375
0 0.7939453125 0.66552734375 0.095703125 0.0615234375
0 0.45263671875 0.93603515625 0.0634765625 0.0712890625
0 0.73779296875 0.591796875 0.0947265625 0.134765625
0 0.19677734375 0.02685546875 0.0927734375 0.0537109375
