0 0.44482421875 0.271484375 0.1103515625 0.103515625
0 0.9560546875 0.47314453125 0.0859375 0.0810546875
0 0.93505859375 0.2880859375 0.0732421875 0.068359375
0 0.939453125 0.02734375 0.083984375 0.0546875
0 0.7802734375 0.36962890625 0.130859375 0.1748046875
0 0.65966796875 0.953125 0.1083984375 0.08984375
0 0.025390625 0.86474609375 0.05078125 0.1064453125
0 0.74755859375 0.5703125 0.0830078125 0.08203125
0 0.6298828125 0.6181640625 0.09375 0.119140625
0 0.53564453125 0.9365234375 0.0888671875 0.109375
0 0.10986328125 0.6767578125 0.1298828125 0.126953125
0 0.7685546875 0.25146484375 0.27734375 0.0830078125
0 0.4345703125 0.97314453125 0.080078125 0.0498046875
0 0.25439453125 0.19287109375 0.0849609375 0.0966796875
0 0.52734375 0.837890625 0.134765625 0.134765625
0 0.93505859375 0.59521484375 0.1044921875 0.0771484375
0 0.41357421875 0.48046875 0.1533203125 0.1015625
0 0.82958984375 0.5048828125 0.0888671875 0.115234375
0 0.9609375 0.96044921875 0.076171875 0.0732421875
0 0.5927734375 0.3232421875 0.125 0.09765625
0 0.20458984375 0.7919921875 0.0634765625 0.060546875
