0 0.72119140625 0.41259765625 0.1083984375 0.1005859375
0 0.05615234375 0.30419921875 0.0673828125 0.1337890625
0 0.9130859375 0.05126953125 0.169921875 0.1025390625
0 0.68896484375 0.2841796875 0.2001953125 0.25390625
0 0.451171875 0.05029296875 0.13671875 0.1005859375
0 0.86669921875 0.2822265625 0.2646484375 0.240234375
0 0.689453125 0.50341796875 0.083984375 0.0615234375
0 0.50390625 0.0732421875 0.267578125 0.14453125
0 0.6259765625 0.45556640625 0.11328125 0.2333984375
0 0.12255859375 0.16455078125 0.0947265625 0.2060546875
0 0.2939453125 0.09912109375 0.109375 0.1982421875
0 0.53759765625 0.1142578125 0.1435546875 0.140625
0 0.943359375 0.70751953125 0.109375 0.1005859375
0 0.4384765625 0.1865234375 0.216796875 0.16015625
0 0.916015625 0.49462890625 0.125 0.1103515625
0 0.77294921875 0.85546875 0.2431640625 0.12890625
0 0.375 0.4404296875 0.080078125 0.1953125
0 0.79296875 0.28515625 0.2109375 0.076171875
0 0.517578125 0.55224609375 0.078125 0.1318359375
