0 0.0361328125 0.0546875 0.072265625 0.08203125
0 0.146484375 0.39453125 0.181640625 0.134765625
0 0.44384765625 0.078125 0.1435546875 0.1171875
0 0.16064453125 0.1279296875 0.1181640625 0.0703125
0 0.54052734375 0.1982421875 0.0947265625 0.068359375
0 0.16650390625 0.54296875 0.1396484375 0.09375
0 0.166015625 0.06689453125 0.1328125 0.0791015625
0 0.44775390625 0.5849609375 0.1357421875 0.154296875
0 0.3359375 0.71484375 0.076171875 0.0703125
0 0.27490234375 0.32275390625 0.0986328125 0.0693359375
0 0.88330078125 0.47998046875 0.0810546875 0.0791015625
0 0.693359375 0.82861328125 0.076171875 0.1083984375
0 0.42578125 0.24365234375 0.099609375 0.0751953125
0 0.5810546875 0.7548828125 0.126953125 0.140625
0 0.96923828125 0.9482421875 0.0595703125 0.091796875
0 0.04443359375 0.4853515625 0.0888671875 0.109375
0 0.205078125 0.58056640625 0.1328125 0.1220703125
0 0.888671875 0.3076171875 0.12109375 0.111328125
0 0.90771484375 0.36328125 0.1494140625 0.072265625
0 0.08349609375 0.60205078125 0.0771484375 0.0751953125
0 0.62841796875 0.626953125 0.0810546875 0.08984375
0 0.064453125 0.14404296875 0.12890625 0.0830078125
0 0.388671875 0.42822265625 0.09765625 0.1005859375
0 0.7939453125 0.84130859375 0.09375 0.0966796875
0 0.23779296875 0.24267578125 0.0908203125 0.0888671875
0 0.03125 0.8896484375 0.0625 0.087890625
0 0.7607421875 0.68505859375 0.078125 0.1455078125
0 0.880859375 0.01806640625 0.109375 0.0341796875
0 0.04736328125 0.24658203125 0.0947265625 0.0888671875
0 0.11767578125 0.66748046875 0.2333984375 0.1318359375
