0 0.962890625 0.25244140625 0.072265625 0.1103515625
0 0.97509765625 0.3857421875 0.0498046875 0.134765625
0 0.3291015625 0.90283203125 0.140625 0.0751953125
0 0.34423828125 0.033203125 0.0908203125 0.06640625
0 0.16650390625 0.42724609375 0.1728515625 0.1240234375
0 0.3134765625 0.615234375 0.138671875 0.125
0 0.3251953125 0.9501953125 0.078125 0.09765625
0 0.9609375 0.740234375 0.076171875 0.0859375
0 0.5087890625 0.923828125 0.1015625 0.083984375
0 0.88916015625 0.73193359375 0.0908203125 0.1103515625
0 0.662109375 0.8076171875 0.11328125 0.091796875
0 0.47998046875 0.81982421875 0.0849609375 0.0830078125
0 0.646484375 0.02490234375 0.095703125 0.0498046875
0 0.302734375 0.67626953125 0.08203125 0.1279296875
0 0.09765625 0.060546875 0.171875 0.115234375
0 0.4013671875 0.75732421875 0.14453125 0.0849609375
