0 0.71533203125 0.14990234375 0.0771484375 0.1162109375
0 0.8603515625 0.021484375 0.109375 0.04296875
0 0.576171875 0.7060546875 0.1171875 0.076171875
0 0.05908203125 0.42333984375 0.1181640625 0.0771484375
0 0.5009765625 0.92626953125 0.111328125 0.0830078125
0 0.052734375 0.14208984375 0.10546875 0.0830078125
0 0.42822265625 0.0537109375 0.0966796875 0.103515625
0 0.69921875 0.92431640625 0.0859375 0.0712890625
0 0.3115234375 0.69580078125 0.099609375 0.1005859375
0 0.208984375 0.76513671875 0.20703125 0.1337890625
0 0.80224609375 0.7392578125 0.1357421875 0.18359375
0 0.291015625 0.55615234375 0.10546875 0.0986328125
0 0.21533203125 0.193359375 0.1435546875 0.083984375
0 0.71826171875 0.439453125 0.0615234375 0.095703125
0 0.9580078125 0.6806640625 0.07421875 0.0859375
0 0.515625 0.814453125 0.123046875 0.10546875
0 0.91357421875 0.55078125 0.0595703125 0.091796875
0 0.04296875 0.83837890625 0.0859375 0.0908203125
0 0.64208984375 0.33984375 0.0830078125 0.056640625
0 0.1435546875 0.06494140625 0.158203125 0.1240234375
0 0.45556640625 0.48828125 0.1962890625 0.083984375
0 0.07275390625 0.73291015625 0.1181640625 0.0751953125
0 0.80126953125 0.61572265625 0.0830078125 0.0634765625
0 0.03466796875 0.37451171875 0.0693359375 0.0673828125
0 0.16015625 0.87744140625 0.13671875 0.1513671875
0 0.9580078125 0.11181640625 0.0546875 0.1142578125
0 0.53076171875 0.62451171875 0.0634765625 0.0634765625
0 0.03662109375 0.66015625 0.0732421875 0.083984375
0 0.74755859375 0.9853515625 0.1162109375 0.029296875
0 0.19482421875 0.39306640625 0.1318359375 0.0595703125
