0 0.93310546875 0.49853515625 0.0986328125 0.1044921875
0 0.2939453125 0.4189453125 0.16015625 0.109375
0 0.03173828125 0.07421875 0.0634765625 0.08203125
0 0.369140625 0.97900390625 0.138671875 0.0380859375
0 0.5986328125 0.95458984375 0.111328125 0.0869140625
0 0.79296875 0.96435546875 0.244140625 0.0693359375
0 0.45263671875 0.08056640625 0.0986328125 0.1220703125
0 0.560546875 0.90625 0.076171875 0.076171875
0 0.05029296875 0.29150390625 0.1005859375 0.1337890625
0 0.34716796875 0.10791015625 0.1181640625 0.1064453125
0 0.703125 0.611328125 0.083984375 0.146484375
0 0.9296875 0.1279296875 0.103515625 0.2421875
0 0.66552734375 0.73291015625 0.1005859375 0.0732421875
0 0.11572265625 0.80517578125 0.0908203125 0.0751953125
0 0.7939453125 0.78076171875 0.18359375 0.1337890625
0 0.79736328125 0.73095703125 0.0849609375 0.1005859375
0 0.458984375 0.88037109375 0.080078125 0.0849609375
0 0.8974609375 0.40771484375 0.091796875 0.1064453125
0 0.7158203125 0.025390625 0.087890625 0.048828125
0 0.54248046875 0.6015625 0.1669921875 0.123046875
0 0.8193359375 0.06787109375 0.09375 0.1337890625
0 0.09326171875 0.7119140625 0.1435546875 0.08984375
0 0.8857421875 0.84375 0.087890625 0.134765625
0 0.197265625 0.44384765625 0.09765625 0.0712890625
