0 0.9765625 0.0390625 0.044921875 0.078125
0 0.865234375 0.62255859375 0.103515625 0.0791015625
0 0.3564453125 0.25146484375 0.078125 0.0751953125
0 0.5302734375 0.33349609375 0.099609375 0.0634765625
0 0.3994140625 0.10546875 0.078125 0.08203125
0 0.33056640625 0.716796875 0.1357421875 0.07421875
0 0.5146484375 0.80517578125 0.099609375 0.1611328125
0 0.43701171875 0.3056640625 0.1376953125 0.107421875
0 0.95361328125 0.6650390625 0.0908203125 0.103515625
0 0.06201171875 0.69677734375 0.1240234375 0.0576171875
0 0.802734375 0.1083984375 0.07421875 0.154296875
0 0.8017578125 0.7275390625 0.0859375 0.06640625
0 0.86279296875 0.46435546875 0.0732421875 0.0771484375
0 0.33935546875 0.939453125 0.2158203125 0.103515625
0 0.3818359375 0.40771484375 0.068359375 0.0595703125
0 0.50439453125 0.4111328125 0.1435546875 0.0859375
0 0.73779296875 0.43701171875 0.1337890625 0.0947265625
0 0.73876953125 0.04541015625 0.0732421875 0.0888671875
0 0.052734375 0.236328125 0.10546875 0.080078125
0 0.47705078125 0.59619140625 0.1552734375 0.1044921875
0 0.568359375 0.45166015625 0.1171875 0.0751953125
0 0.66748046875 0.74072265625 0.1396484375 0.0947265625
0 0.287109375 0.46044921875 0.103515625 0.1552734375
0 0.35986328125 0.052734375 0.0654296875 0.1015625
0 0.8232421875 0.7998046875 0.0703125 0.064453125
