0 0.95458984375 0.8134765625 0.0908203125 0.103515625
0 0.275390625 0.74560546875 0.0703125 0.0947265625
0 0.71533203125 0.87646484375 0.1142578125 0.2451171875
0 0.71533203125 0.203125 0.1455078125 0.224609375
0 0.81005859375 0.07568359375 0.0751953125 0.1025390625
0 0.66552734375 0.84619140625 0.0712890625 0.0849609375
0 0.1591796875 0.3701171875 0.240234375 0.158203125
0 0.43310546875 0.19140625 0.1572265625 0.15625
0 0.431640625 0.0751953125 0.171875 0.083984375
0 0.91259765625 0.08203125 0.1494140625 0.10546875
0 0.45556640625 0.26318359375 0.0771484375 0.0458984375
0 0.45361328125 0.03857421875 0.0966796875 0.0634765625
0 0.052734375 0.76806640625 0.10546875 0.1708984375
0 0.53271484375 0.20068359375 0.1103515625 0.0810546875
0 0.75 0.46337890625 0.1328125 0.1357421875
0 0.89599609375 0.6640625 0.1005859375 0.091796875
0 0.07568359375 0.6591796875 0.1220703125 0.087890625
0 0.2529296875 0.048828125 0.109375 0.09765625
0 0.05908203125 0.58642578125 0.1181640625 0.1181640625
0 0.27734375 0.361328125 0.099609375 0.181640625
0 0.20068359375 0.83544921875 0.1279296875 0.2177734375
0 0.03369140625 0.314453125 0.0673828125 0.16796875
0 0.53662109375 0.6181640625 0.1650390625 0.1953125
0 0.7763671875 0.677734375 0.1484375 0.125
0 0.06640625 0.0673828125 0.06640625 0.083984375
0 0.44921875 0.921875 0.1015625 0.056640625
0 0.4091796875 0.74853515625 0.140625 0.1044921875
0 0.90966796875 0.87646484375 0.0654296875 0.0751953125
0 0.66015625 0.5576171875 0.099609375 0.138671875
0 0.8359375 0.4873046875 0.21875 0.166015625
0 0.32470703125 0.07470703125 0.0732421875 0.0673828125
