0 0.03857421875 0.63818359375 0.0771484375 0.0888671875
0 0.19921875 0.46630859375 0.109375 0.1376953125
0 0.603515625 0.48046875 0.123046875 0.15234375
0 0.775390625 0.04150390625 0.080078125 0.0791015625
0 0.142578125 0.94775390625 0.1171875 0.1025390625
0 0.84423828125 0.49072265625 0.0419921875 0.0634765625
0 0.87646484375 0.0380859375 0.1005859375 0.072265625
0 0.31982421875 0.7109375 0.1064453125 0.138671875
0 0.962890625 0.66748046875 0.07421875 0.0751953125
0 0.18701171875 0.32470703125 0.1396484375 0.2119140625
0 0.2978515625 0.62744140625 0.09375 0.1376953125
0 0.822265625 0.30810546875 0.142578125 0.1669921875
0 0.85546875 0.8876953125 0.17578125 0.1640625
0 0.6640625 0.98046875 0.142578125 0.037109375
0 0.26953125 0.1005859375 0.09375 0.125
0 0.39453125 0.365234375 0.125 0.119140625
0 0.357421875 0.86669921875 0.103515625 0.1455078125
0 0.224609375 0.73046875 0.1484375 0.087890625
0 0.5341796875 0.02880859375 0.15234375 0.0556640625
0 0.7646484375 0.4921875 0.123046875 0.095703125
0 0.9287109375 0.4326171875 0.095703125 0.13671875
0 0.78271484375 0.67529296875 0.1259765625 0.1943359375
0 0.89013671875 0.73046875 0.0810546875 0.11328125
0 0.47021484375 0.14599609375 0.1044921875 0.1025390625
0 0.38525390625 0.0712890625 0.2177734375 0.142578125
0 0.12939453125 0.7529296875 0.2001953125 0.1796875
0 0.9794921875 0.544921875 0.0390625 0.1015625
0 0.95166015625 0.958984375 0.0947265625 0.0625
0 0.74267578125 0.0478515625 0.0556640625 0.07421875
0 0.90234375 0.556640625 0.15234375 0.123046875
0 0.22998046875 0.60595703125 0.1064453125 0.0771484375
0 0.740234375 0.37060546875 0.123046875 0.1416015625
0 0.0234375 0.208984375 0.046875 0.1015625
