0 0.45361328125 0.08740234375 0.1591796875 0.1748046875
0 0.34521484375 0.640625 0.1650390625 0.14453125
0 0.18798828125 0.92578125 0.0849609375 0.095703125
0 0.96875 0.13623046875 0.060546875 0.1025390625
0 0.552734375 0.1396484375 0.0703125 0.09375
0 0.0302734375 0.94580078125 0.060546875 0.0634765625
0 0.44580078125 0.2392578125 0.0927734375 0.23046875
0 0.640625 0.2626953125 0.09375 0.080078125
0 0.38427734375 0.5537109375 0.1962890625 0.08203125
0 0.17724609375 0.69189453125 0.1240234375 0.1572265625
0 0.5771484375 0.29541015625 0.060546875 0.0732421875
0 0.8984375 0.7177734375 0.16796875 0.138671875
0 0.0400390625 0.5439453125 0.080078125 0.12109375
0 0.921875 0.1083984375 0.154296875 0.177734375
0 0.16259765625 0.10986328125 0.1455078125 0.2197265625
0 0.97021484375 0.64013671875 0.0576171875 0.1044921875
0 0.88671875 0.50830078125 0.189453125 0.1162109375
0 0.078125 0.6103515625 0.072265625 0.07421875
0 0.478515625 0.9462890625 0.076171875 0.10546875
0 0.44775390625 0.892578125 0.1083984375 0.087890625
0 0.29833984375 0.34033203125 0.1787109375 0.1123046875
