0 0.30029296875 0.5458984375 0.1005859375 0.154296875
0 0.9345703125 0.94970703125 0.12890625 0.0986328125
0 0.24365234375 0.041015625 0.0830078125 0.08203125
0 0.0849609375 0.111328125 0.169921875 0.048828125
0 0.458984375 0.75927734375 0.095703125 0.1162109375
0 0.09326171875 0.8544921875 0.0908203125 0.05078125
0 0.03369140625 0.2978515625 0.0673828125 0.177734375
0 0.572265625 0.05322265625 0.09375 0.1044921875
0 0.525390625 0.423828125 0.130859375 0.087890625
0 0.14794921875 0.04248046875 0.0927734375 0.0830078125
0 0.61181640625 0.7666015625 0.0908203125 0.205078125
0 0.81884765625 0.97705078125 0.1005859375 0.0439453125
0 0.36474609375 0.50146484375 0.1416015625 0.1259765625
0 0.4990234375 0.24658203125 0.119140625 0.1376953125
0 0.81005859375 0.4033203125 0.2841796875 0.095703125
0 0.72705078125 0.24365234375 0.1240234375 0.1572265625
0 0.18359375 0.34033203125 0.14453125 0.0869140625
0 0.9033203125 0.0546875 0.080078125 0.109375
0 0.962890625 0.76953125 0.07421875 0.091796875
0 0.13330078125 0.716796875 0.1650390625 0.07421875
0 0.861328125 0.6357421875 0.158203125 0.154296875
0 0.39599609375 0.23486328125 0.1611328125 0.1083984375
0 0.7646484375 0.06005859375 0.119140625 0.1201171875
0 0.0419921875 0.912109375 0.083984375 0.080078125
0 0.3583984375 0.70458984375 0.107421875 0.1611328125
0 0.9326171875 0.51953125 0.109375 0.142578125
0 0.25048828125 0.12353515625 0.1728515625 0.1669921875
0 0.69873046875 0.029296875 0.0634765625 0.056640625
