0 0.51220703125 0.046875 0.0849609375 0.0859375
0 0.23095703125 0.3203125 0.1162109375 0.125
0 0.70068359375 0.83642578125 0.0849609375 0.1279296875
0 0.9072265625 0.197265625 0.10546875 0.091796875
0 0.85986328125 0.07275390625 0.0693359375 0.1064453125
0 0.04345703125 0.03955078125 0.0869140625 0.0791015625
0 0.837890625 0.1162109375 0.0625 0.06640625
0 0.79736328125 0.29638671875 0.2353515625 0.0849609375
0 0.3291015625 0.91357421875 0.220703125 0.1689453125
0 0.333984375 0.6064453125 0.18359375 0.146484375
0 0.69775390625 0.40234375 0.2412109375 0.091796875
0 0.65087890625 0.69677734375 0.1552734375 0.0888671875
0 0.77734375 0.93115234375 0.1015625 0.1357421875
0 0.10595703125 0.732421875 0.1103515625 0.10546875
0 0.3916015625 0.8798828125 0.078125 0.103515625
0 0.1181640625 0.60107421875 0.21484375 0.0771484375
0 0.49560546875 0.7490234375 0.1630859375 0.154296875
0 0.2255859375 0.66064453125 0.08984375 0.0498046875
0 0.64404296875 0.58837890625 0.1826171875 0.1611328125
