0 0.32763671875 0.87548828125 0.1103515625 0.0673828125
0 0.80029296875 0.03662109375 0.0908203125 0.0732421875
0 0.1533203125 0.94140625 0.09375 0.1015625
0 0.04541015625 0.77978515625 0.0908203125 0.2236328125
0 0.5908203125 0.95458984375 0.08203125 0.0869140625
0 0.92626953125 0.2802734375 0.1455078125 0.123046875
0 0.74365234375 0.3525390625 0.1748046875 0.11328125
0 0.47412109375 0.5107421875 0.1044921875 0.14453125
0 0.4912109375 0.72265625 0.1171875 0.1484375
0 0.96826171875 0.6025390625 0.0615234375 0.119140625
0 0.931640625 0.1484375 0.134765625 0.13671875
0 0.2705078125 0.9443359375 0.078125 0.107421875
0 0.544921875 0.92529296875 0.11328125 0.1474609375
0 0.04296875 0.63525390625 0.0859375 0.1572265625
0 0.38427734375 0.77001953125 0.0810546875 0.1337890625
0 0.703125 0.65234375 0.119140625 0.203125
0 0.7041015625 0.93408203125 0.078125 0.1298828125
0 0.4736328125 0.798828125 0.1171875 0.193359375
0 0.4423828125 0.62646484375 0.1015625 0.1279296875
0 0.87060546875 0.45849609375 0.1279296875 0.0771484375
0 0.1884765625 0.7587890625 0.08984375 0.076171875
0 0.35400390625 0.9296875 0.0791015625 0.13671875
0 0.23876953125 0.1240234375 0.1435546875 0.095703125
0 0.25439453125 0.8857421875 0.0986328125 0.0703125
0 0.80712890625 0.83837890625 0.1103515625 0.1162109375
0 0.068359375 0.1376953125 0.13671875 0.08203125
0 0.87744140625 0.88671875 0.1337890625 0.12890625
0 0.12548828125 0.8837890625 0.0947265625 0.111328125
0 0.85888671875 0.63037109375 0.1396484375 0.0791015625
