0 0.06201171875 0.20947265625 0.1201171875 0.0693359375
0 0.04541015625 0.95068359375 0.0810546875 0.0693359375
0 0.1044921875 0.09130859375 0.12890625 0.0771484375
0 0.37548828125 0.47021484375 0.0947265625 0.1103515625
0 0.03369140625 0.33642578125 0.0673828125 0.0908203125
0 0.7080078125 0.37646484375 0.091796875 0.1005859375
0 0.4697265625 0.75244140625 0.068359375 0.1123046875
0 0.73486328125 0.7978515625 0.1005859375 0.16796875
0 0.287109375 0.87451171875 0.06640625 0.1201171875
0 0.32763671875 0.6708984375 0.1748046875 0.083984375
0 0.8388671875 0.267578125 0.056640625 0.05859375
0 0.2724609375 0.5458984375 0.1328125 0.09375
0 0.7216796875 0.673828125 0.099609375 0.10546875
0 0.5693359375 0.8662109375 0.08203125 0.095703125
0 0.19970703125 0.12451171875 0.0712890625 0.0947265625
0 0.04638671875 0.62060546875 0.0927734375 0.0849609375
0 0.49072265625 0.5205078125 0.0927734375 0.115234375
0 0.146484375 0.92578125 0.072265625 0.12109375
0 0.0625 0.23583984375 0.125 0.1064453125
0 0.1279296875 0.59130859375 0.166015625 0.0927734375
0 0.845703125 0.82763671875 0.07421875 0.1064453125
0 0.57275390625 0.0869140625 0.0810546875 0.087890625
0 0.61669921875 0.470703125 0.0673828125 0.099609375
0 0.4248046875 0.5791015625 0.09375 0.087890625
0 0.958984375 0.86328125 0.080078125 0.078125
0 0.83203125 0.3447265625 0.068359375 0.076171875
