0 0.37255859375 0.5234375 0.2158203125 0.111328125
0 0.80419921875 0.31201171875 0.0869140625 0.1494140625
0 0.17919921875 0.71630859375 0.1318359375 0.0966796875
0 0.9697265625 0.259765625 0.05859375 0.21484375
0 0.16357421875 0.9287109375 0.0947265625 0.10546875
0 0.95849609375 0.51416015625 0.0810546875 0.1396484375
0 0.94482421875 0.42822265625 0.1083984375 0.0810546875
0 0.56591796875 0.896484375 0.0908203125 0.07421875
0 0.96533203125 0.96875 0.0673828125 0.060546875
0 0.6474609375 0.87255859375 0.103515625 0.0849609375
0 0.27880859375 0.1494140625 0.1044921875 0.068359375
0 0.970703125 0.8251953125 0.05859375 0.107421875
0 0.10009765625 0.77099609375 0.1416015625 0.1064453125
0 0.46044921875 0.8818359375 0.1376953125 0.15625
0 0.0224609375 0.416015625 0.044921875 0.125
0 0.7451171875 0.60400390625 0.099609375 0.0986328125
0 0.25 0.46484375 0.09765625 0.056640625
0 0.9482421875 0.0859375 0.1015625 0.171875
0 0.4912109375 0.646484375 0.115234375 0.099609375
0 0.322265625 0.8984375 0.1484375 0.19921875
0 0.84814453125 0.0654296875 0.1416015625 0.126953125
0 0.0390625 0.22412109375 0.076171875 0.0791015625
0 0.6044921875 0.0478515625 0.119140625 0.078125
