0 0.08447265625 0.07470703125 0.1201171875 0.1396484375
0 0.91796875 0.21435546875 0.162109375 0.2041015625
0 0.05029296875 0.248046875 0.1005859375 0.15234375
0 0.42919921875 0.04833984375 0.1181640625 0.0966796875
0 0.04443359375 0.3828125 0.0888671875 0.169921875
0 0.53173828125 0.6513671875 0.0869140625 0.15625
0 0.62255859375 0.14013671875 0.0947265625 0.0947265625
0 0.158203125 0.935546875 0.126953125 0.125
0 0.3916015625 0.91796875 0.109375 0.162109375
0 0.88330078125 0.82763671875 0.0947265625 0.1123046875
0 0.4716796875 0.20458984375 0.099609375 0.0751953125
0 0.27392578125 0.2666015625 0.2021484375 0.171875
0 0.69775390625 0.96240234375 0.1474609375 0.0751953125
0 0.3955078125 0.693359375 0.1640625 0.16015625
0 0.3203125 0.04541015625 0.13671875 0.0908203125
