0 0.35888671875 0.30224609375 0.0771484375 0.1044921875
0 0.2626953125 0.93798828125 0.126953125 0.1220703125
0 0.8701171875 0.0771484375 0.1640625 0.080078125
0 0.63916015625 0.6416015625 0.0849609375 0.107421875
0 0.787109375 0.13330078125 0.1171875 0.0712890625
0 0.0205078125 0.90380859375 0.041015625 0.0693359375
0 0.49365234375 0.57763671875 0.0732421875 0.0732421875
0 0.482421875 0.28466796875 0.080078125 0.0771484375
0 0.37646484375 0.482421875 0.1220703125 0.05859375
0 0.97314453125 0.1689453125 0.0498046875 0.076171875
0 0.37939453125 0.828125 0.0849609375 0.09765625
0 0.60888671875 0.115234375 0.0673828125 0.05078125
0 0.7880859375 0.75439453125 0.083984375 0.0693359375
0 0.52587890625 0.96337890625 0.0888671875 0.0712890625
0 0.107421875 0.423828125 0.07421875 0.080078125
0 0.3779296875 0.63427734375 0.20703125 0.1005859375
0 0.64794921875 0.7275390625 0.1630859375 0.083984375
0 0.2294921875 0.384765625 0.076171875 0.15625
0 0.0419921875 0.15771484375 0.083984375 0.0791015625
0 0.595703125 0.51123046875 0.115234375 0.0849609375
0 0.796875 0.84521484375 0.130859375 0.0810546875
0 0.06103515625 0.2724609375 0.0771484375 0.078125
0 0.86474609375 0.0244140625 0.0654296875 0.048828125
0 0.46533203125 0.927734375 0.0869140625 0.087890625
0 0.46240234375 0.1103515625 0.1455078125 0.1484375
0 0.28271484375 0.833984375 0.1240234375 0.1484375
0 0.88232421875 0.32861328125 0.0771484375 0.1181640625
0 0.02783203125 0.525390625 0.0556640625 0.07421875
0 0.95458984375 0.2275390625 0.0888671875 0.08203125
0 0.0302734375 0.86767578125 0.060546875 0.0947265625
0 0.26904296875 0.5087890625 0.0673828125 0.068359375
0 0.29052734375 0.443359375 0.0810546875 0.119140625
0 0.68017578125 0.2314453125 0.1181640625 0.091796875
0 0.04248046875 0.04443359375 0.0849609375 0.0869140625
0 0.0322265625 0.38525390625 0.064453125 0.0771484375
0 0.69189453125 0.03125 0.1259765625 0.0625
0 0.96240234375 0.314453125 0.0732421875 0.0625
