0 0.43408203125 0.232421875 0.0966796875 0.08984375
0 0.28515625 0.57373046875 0.107421875 0.1318359375
0 0.2470703125 0.3251953125 0.080078125 0.142578125
0 0.5263671875 0.96728515625 0.08203125 0.0615234375
0 0.669921875 0.955078125 0.08984375 0.076171875
0 0.5859375 0.201171875 0.083984375 0.12109375
0 0.419921875 0.85107421875 0.0859375 0.1220703125
0 0.05810546875 0.50732421875 0.1162109375 0.0908203125
0 0.13525390625 0.65576171875 0.0712890625 0.0771484375
0 0.94873046875 0.75634765625 0.1005859375 0.0966796875
0 0.58642578125 0.931640625 0.1201171875 0.095703125
0 0.3525390625 0.4619140625 0.10546875 0.125
0 0.525390625 0.06689453125 0.1484375 0.1337890625
0 0.458984375 0.65380859375 0.154296875 0.1025390625
0 0.7421875 0.35302734375 0.173828125 0.0986328125
0 0.23876953125 0.38232421875 0.0849609375 0.1181640625
0 0.31298828125 0.19677734375 0.0673828125 0.1162109375
0 0.52978515625 0.87060546875 0.0654296875 0.0517578125
