0 0.2080078125 0.7021484375 0.138671875 0.142578125
0 0.69091796875 0.541015625 0.0947265625 0.150390625
0 0.47412109375 0.71337890625 0.1240234375 0.1279296875
0 0.5751953125 0.1630859375 0.1171875 0.154296875
0 0.046875 0.1953125 0.09375 0.099609375
0 0.705078125 0.76513671875 0.109375 0.1181640625
0 0.3017578125 0.1044921875 0.224609375 0.20703125
0 0.51806640625 0.40185546875 0.0966796875 0.1123046875
0 0.90869140625 0.29931640625 0.1162109375 0.3037109375
0 0.943359375 0.119140625 0.0859375 0.14453125
0 0.80517578125 0.4296875 0.0986328125 0.1015625
0 0.076171875 0.5029296875 0.15234375 0.197265625
0 0.357421875 0.875 0.123046875 0.1015625
0 0.65380859375 0.2529296875 0.0986328125 0.24609375
0 0.4892578125 0.18994140625 0.0859375 0.2197265625
0 0.02734375 0.51123046875 0.052734375 0.1064453125
0 0.4833984375 0.3544921875 0.142578125 0.16796875
0 0.53369140625 0.08544921875 0.0810546875 0.1669921875
0 0.86767578125 0.890625 0.1259765625 0.1796875
0 0.6845703125 0.48193359375 0.171875 0.2197265625
0 0.24609375 0.6259765625 0.123046875 0.173828125
0 0.1162109375 0.20263671875 0.177734375 0.2685546875
0 0.697265625 0.19287109375 0.0859375 0.1845703125
0 0.0947265625 0.64404296875 0.068359375 0.0693359375
0 0.376953125 0.3935546875 0.08984375 0.130859375
0 0.33056640625 0.33251953125 0.1337890625 0.1376953125
