0 0.4853515625 0.45458984375 0.14453125 0.1005859375
0 0.3310546875 0.15966796875 0.115234375 0.1220703125
0 0.81103515625 0.69970703125 0.0830078125 0.0751953125
0 0.83740234375 0.62060546875 0.1474609375 0.1103515625
0 0.03125 0.0556640625 0.0625 0.111328125
0 0.65380859375 0.12060546875 0.1201171875 0.1884765625
0 0.4208984375 0.220703125 0.0859375 0.08203125
0 0.14013671875 0.033203125 0.1201171875 0.06640625
0 0.40283203125 0.544921875 0.0693359375 0.095703125
0 0.75634765625 0.181640625 0.0830078125 0.130859375
0 0.41015625 0.13134765625 0.12109375 0.1162109375
0 0.4326171875 0.6806640625 0.13671875 0.09375
0 0.02294921875 0.43701171875 0.0439453125 0.1396484375
0 0.3095703125 0.07568359375 0.125 0.0947265625
0 0.9208984375 0.52001953125 0.1171875 0.1181640625
0 0.8076171875 0.9736328125 0.13671875 0.05078125
0 0.6572265625 0.833984375 0.072265625 0.09375
0 0.9609375 0.1484375 0.072265625 0.087890625
