0 0.0703125 0.24169921875 0.140625 0.1357421875
0 0.56787109375 0.0888671875 0.0654296875 0.060546875
0 0.6181640625 0.89453125 0.0703125 0.0625
0 0.11279296875 0.6953125 0.1162109375 0.06640625
0 0.02783203125 0.77734375 0.0556640625 0.064453125
0 0.50244140625 0.017578125 0.0927734375 0.03515625
0 0.71142578125 0.2724609375 0.1279296875 0.080078125
0 0.15576171875 0.20703125 0.1357421875 0.10546875
0 0.48974609375 0.4453125 0.0791015625 0.08203125
0 0.6904296875 0.38232421875 0.072265625 0.0712890625
0 0.732421875 0.64501953125 0.0625 0.0693359375
0 0.626953125 0.06201171875 0.08984375 0.0712890625
0 0.49853515625 0.8564453125 0.0927734375 0.119140625
0 0.630859375 0.16259765625 0.11328125 0.0986328125
0 0.30029296875 0.02001953125 0.1220703125 0.0400390625
0 0.04931640625 0.79443359375 0.0615234375 0.0634765625
0 0.46337890625 0.68017578125 0.0849609375 0.0537109375
0 0.34765625 0.3447265625 0.048828125 0.080078125
0 0.9345703125 0.447265625 0.083984375 0.05859375
0 0.21728515625 0.0185546875 0.0810546875 0.03515625
0 0.8623046875 0.42578125 0.10546875 0.119140625
0 0.5517578125 0.93115234375 0.060546875 0.0869140625
0 0.408203125 0.28515625 0.076171875 0.09765625
0 0.94482421875 0.79638671875 0.0654296875 0.1435546875
0 0.0166015625 0.87548828125 0.033203125 0.0732421875
0 0.400390625 0.75634765625 0.083984375 0.1396484375
0 0.2392578125 0.638671875 0.095703125 0.09375
0 0.35986328125 0.4326171875 0.0654296875 0.08203125
0 0.72998046875 0.8955078125 0.0771484375 0.091796875
0 0.60400390625 0.60888671875 0.0908203125 0.1220703125
