0 0.62158203125 0.59130859375 0.0419921875 0.0888671875
0 0.8525390625 0.76708984375 0.0859375 0.1533203125
0 0.80517578125 0.91259765625 0.1064453125 0.1455078125
0 0.1396484375 0.71826171875 0.09765625 0.0751953125
0 0.501953125 0.4482421875 0.05859375 0.076171875
0 0.341796875 0.42236328125 0.12890625 0.1533203125
0 0.58349609375 0.89013671875 0.0458984375 0.0458984375
0 0.69091796875 0.7001953125 0.0947265625 0.109375
0 0.7373046875 0.18994140625 0.15625 0.1220703125
0 0.20947265625 0.033203125 0.0908203125 0.064453125
0 0.158203125 0.82470703125 0.10546875 0.1123046875
0 0.1435546875 0.4501953125 0.10546875 0.119140625
0 0.3896484375 0.22216796875 0.05859375 0.0771484375
0 0.5888671875 0.68896484375 0.107421875 0.1025390625
0 0.37890625 0.900390625 0.125 0.123046875
0 0.50634765625 0.92236328125 0.0771484375 0.1435546875
0 0.2490234375 0.9541015625 0.1015625 0.08984375
0 0.234375 0.8779296875 0.1796875 0.103515625
0 0.6064453125 0.81103515625 0.123046875 0.1142578125
0 0.8017578125 0.689453125 0.078125 0.0546875
0 0.6767578125 0.59130859375 0.09765625 0.1337890625
0 0.927734375 0.02099609375 0.138671875 0.0419921875
0 0.76806640625 0.5419921875 0.1552734375 0.1171875
0 0.9814453125 0.76513671875 0.03515625 0.1103515625
0 0.62353515625 0.1142578125 0.1083984375 0.125
