0 0.076171875 0.43603515625 0.078125 0.1142578125
0 0.744140625 0.59375 0.13671875 0.09765625
0 0.2021484375 0.15380859375 0.091796875 0.1474609375
0 0.71630859375 0.2431640625 0.1708984375 0.28515625
0 0.3564453125 0.84814453125 0.115234375 0.0869140625
0 0.279296875 0.46923828125 0.1640625 0.1240234375
0 0.07666015625 0.29248046875 0.1533203125 0.1181640625
0 0.93505859375 0.69091796875 0.1279296875 0.1748046875
0 0.84619140625 0.08740234375 0.0986328125 0.1748046875
0 0.11865234375 0.01708984375 0.0498046875 0.0341796875
0 0.5380859375 0.4921875 0.232421875 0.10546875
0 0.966796875 0.37744140625 0.06640625 0.0830078125
0 0.0419921875 0.1083984375 0.083984375 0.111328125
0 0.67138671875 0.755859375 0.0908203125 0.11328125
0 0.16064453125 0.5986328125 0.1337890625 0.17578125
0 0.41162109375 0.24072265625 0.1826171875 0.2080078125
0 0.63525390625 0.90234375 0.1083984375 0.07421875
0 0.41650390625 0.73583984375 0.1630859375 0.0673828125
0 0.21533203125 0.3994140625 0.0576171875 0.115234375
0 0.84326171875 0.7333984375 0.0634765625 0.060546875
0 0.96533203125 0.50341796875 0.0673828125 0.0810546875
0 0.341796875 0.67919921875 0.1015625 0.0634765625
0 0.53125 0.7041015625 0.06640625 0.12890625
0 0.6328125 0.5576171875 0.103515625 0.208984375
0 0.7216796875 0.73095703125 0.13671875 0.1025390625
0 0.60107421875 0.701171875 0.0849609375 0.10546875
0 0.43115234375 0.02978515625 0.1142578125 0.0595703125
0 0.3701171875 0.57763671875 0.13671875 0.0849609375
0 0.6767578125 0.43359375 0.072265625 0.158203125
0 0.16357421875 0.06884765625 0.0478515625 0.1337890625
0 0.6484375 0.1005859375 0.115234375 0.1484375
0 0.45947265625 0.12158203125 0.0771484375 0.1025390625
0 0.6015625 0.02685546875 0.125 0.0537109375
0 0.2490234375 0.6611328125 0.076171875 0.142578125
0 0.28662109375 0.05224609375 0.1572265625 0.1044921875
0 0.4697265625 0.42041015625 0.21875 0.1162109375
0 0.1328125 0.4951171875 0.11328125 0.095703125
0 0.4111328125 0.8662109375 0.251953125 0.08984375
0 0.31103515625 0.359375 0.1259765625 0.09765625
0 0.03857421875 0.02099609375 0.0771484375 0.0419921875
