0 0.0341796875 0.7109375 0.068359375 0.10546875
0 0.0322265625 0.0693359375 0.064453125 0.107421875
0 0.3037109375 0.6455078125 0.111328125 0.068359375
0 0.3173828125 0.8427734375 0.103515625 0.212890625
0 0.322265625 0.75 0.09765625 0.08984375
0 0.3916015625 0.7939453125 0.154296875 0.107421875
0 0.4755859375 0.0166015625 0.142578125 0.033203125
0 0.4736328125 0.123046875 0.130859375 0.10546875
0 0.607421875 0.3212890625 0.16796875 0.158203125
0 0.1171875 0.46875 0.125 0.23046875
0 0.6474609375 0.560546875 0.126953125 0.18359375
0 0.626953125 0.16796875 0.0859375 0.12890625
0 0.1357421875 0.845703125 0.158203125 0.09375
0 0.6826171875 0.9072265625 0.162109375 0.130859375
0 0.09765625 0.08984375 0.0703125 0.15625
0 0.6953125 0.38671875 0.078125 0.12890625
0 0.8310546875 0.48046875 0.181640625 0.16015625
0 0.876953125 0.0498046875 0.125 0.099609375
0 0.8916015625 0.822265625 0.099609375 0.10546875
0 0.9091796875 0.6630859375 0.119140625 0.173828125
0 0.9326171875 0.236328125 0.130859375 0.23828125
0 0.9814453125 0.1708984375 0.029296875 0.181640625
0 0.193359375 0.923828125 0.1484375 0.09375
0 0.24609375 0.3515625 0.10546875 0.21875
