0 0.046875 0.0576171875 0.09375 0.115234375
0 0.0693359375 0.775390625 0.138671875 0.140625
0 0.04296875 0.1728515625 0.0859375 0.146484375
0 0.2998046875 0.4619140625 0.080078125 0.169921875
0 0.3125 0.052734375 0.0859375 0.08984375
0 0.431640625 0.9296875 0.09765625 0.140625
0 0.46484375 0.0556640625 0.06640625 0.111328125
0 0.6484375 0.9404296875 0.2890625 0.119140625
0 0.6572265625 0.3212890625 0.146484375 0.091796875
0 0.7353515625 0.4873046875 0.201171875 0.248046875
0 0.7861328125 0.3837890625 0.091796875 0.091796875
0 0.888671875 0.5107421875 0.109375 0.189453125
0 0.9072265625 0.1533203125 0.107421875 0.080078125
0 0.921875 0.02734375 0.08203125 0.0546875
0 0.9306640625 0.7177734375 0.064453125 0.111328125
0 0.95703125 0.8876953125 0.08203125 0.095703125
0 0.9609375 0.9638671875 0.078125 0.068359375
0 0.18359375 0.935546875 0.12109375 0.12890625
0 0.2216796875 0.7705078125 0.173828125 0.107421875
