0 0.013671875 0.41796875 0.02734375 0.1171875
0 0.02734375 0.666015625 0.0546875 0.10546875
0 0.25390625 0.0185546875 0.0625 0.037109375
0 0.3125 0.2412109375 0.0703125 0.072265625
0 0.33984375 0.791015625 0.09375 0.0859375
0 0.380859375 0.8544921875 0.12109375 0.134765625
0 0.1015625 0.580078125 0.125 0.06640625
0 0.4970703125 0.8193359375 0.138671875 0.076171875
0 0.4951171875 0.97265625 0.095703125 0.05078125
0 0.5439453125 0.0341796875 0.115234375 0.068359375
0 0.568359375 0.36328125 0.09765625 0.09375
0 0.611328125 0.9248046875 0.09375 0.150390625
0 0.625 0.0390625 0.05859375 0.078125
0 0.7099609375 0.455078125 0.111328125 0.07421875
0 0.7060546875 0.162109375 0.099609375 0.109375
0 0.70703125 0.68359375 0.06640625 0.078125
0 0.75390625 0.69140625 0.14453125 0.12890625
0 0.103515625 0.4130859375 0.07421875 0.056640625
0 0.7705078125 0.02734375 0.056640625 0.0546875
0 0.8154296875 0.4130859375 0.119140625 0.087890625
0 0.89453125 0.73828125 0.08203125 0.15625
0 0.916015625 0.1845703125 0.08984375 0.111328125
0 0.9130859375 0.076171875 0.068359375 0.12109375
0 0.9482421875 0.9794921875 0.099609375 0.037109375
0 0.982421875 0.6611328125 0.03515625 0.107421875
0 0.982421875 0.8837890625 0.03515625 0.126953125
0 0.2353515625 0.947265625 0.166015625 0.1015625
0 0.2421875 0.822265625 0.125 0.08984375
