0 0.1103515625 0.06787109375 0.185546875 0.0986328125
0 0.06884765625 0.69287109375 0.0576171875 0.0771484375
0 0.1064453125 0.7353515625 0.125 0.126953125
0 0.28759765625 0.96875 0.0673828125 0.060546875
0 0.5634765625 0.35693359375 0.08203125 0.1259765625
0 0.60986328125 0.0791015625 0.0595703125 0.068359375
0 0.46044921875 0.083984375 0.0947265625 0.08984375
0 0.931640625 0.02001953125 0.037109375 0.0380859375
0 0.69775390625 0.84033203125 0.1181640625 0.1337890625
0 0.333984375 0.89892578125 0.091796875 0.0849609375
0 0.447265625 0.02685546875 0.11328125 0.0498046875
0 0.9716796875 0.23046875 0.052734375 0.09375
0 0.8486328125 0.47216796875 0.091796875 0.1044921875
0 0.82861328125 0.625 0.1298828125 0.08984375
0 0.794921875 0.232421875 0.11328125 0.09375
0 0.56640625 0.216796875 0.1171875 0.103515625
0 0.71826171875 0.23974609375 0.1064453125 0.0966796875
0 0.173828125 0.9140625 0.15625 0.06640625
0 0.96630859375 0.4375 0.0654296875 0.08203125
0 0.14794921875 0.8154296875 0.0810546875 0.1015625
0 0.49755859375 0.40478515625 0.1064453125 0.1162109375
