0 0.6044921875 0.56689453125 0.046875 0.1181640625
0 0.2412109375 0.3515625 0.0625 0.0859375
0 0.337890625 0.32666015625 0.12109375 0.1279296875
0 0.578125 0.34423828125 0.11328125 0.0693359375
0 0.24560546875 0.2099609375 0.0693359375 0.064453125
0 0.9033203125 0.02880859375 0.068359375 0.0556640625
0 0.8525390625 0.73291015625 0.091796875 0.0810546875
0 0.68798828125 0.0205078125 0.0751953125 0.041015625
0 0.81103515625 0.5576171875 0.1142578125 0.103515625
0 0.87890625 0.560546875 0.109375 0.150390625
0 0.96923828125 0.26171875 0.0595703125 0.07421875
0 0.14501953125 0.3935546875 0.0576171875 0.0703125
0 0.65283203125 0.7470703125 0.0771484375 0.0703125
0 0.212890625 0.1513671875 0.076171875 0.08984375
0 0.4169921875 0.19970703125 0.0859375 0.1005859375
0 0.08203125 0.91015625 0.091796875 0.1328125
0 0.94091796875 0.3994140625 0.0908203125 0.072265625
0 0.02978515625 0.2529296875 0.0576171875 0.080078125
0 0.72802734375 0.873046875 0.0849609375 0.068359375
0 0.95849609375 0.5908203125 0.0810546875 0.087890625
0 0.23193359375 0.974609375 0.0888671875 0.048828125
0 0.34375 0.84423828125 0.099609375 0.0791015625
0 0.341796875 0.79736328125 0.076171875 0.1181640625
0 0.31884765625 0.41650390625 0.0908203125 0.0966796875
0 0.12353515625 0.5400390625 0.1787109375 0.076171875
0 0.1328125 0.353515625 0.123046875 0.08984375
0 0.62744140625 0.93408203125 0.0888671875 0.1298828125
0 0.50048828125 0.31005859375 0.0927734375 0.0869140625
0 0.07080078125 0.42041015625 0.0595703125 0.0634765625
0 0.84521484375 0.81201171875 0.0830078125 0.0927734375
0 0.51513671875 0.37451171875 0.0908203125 0.0712890625
0 0.96923828125 0.16162109375 0.0595703125 0.0712890625
0 0.529296875 0.5205078125 0.0390625 0.033203125
0 0.94873046875 0.67431640625 0.0693359375 0.0693359375
0 0.83642578125 0.6806640625 0.0712890625 0.0703125
0 0.05419921875 0.84521484375 0.1083984375 0.0576171875
