0 0.181640625 0.97265625 0.0859375 0.052734375
0 0.8681640625 0.65576171875 0.083984375 0.1142578125
0 0.4892578125 0.080078125 0.123046875 0.125
0 0.11181640625 0.9482421875 0.0888671875 0.09765625
0 0.19140625 0.27734375 0.12890625 0.1171875
0 0.37841796875 0.9609375 0.1142578125 0.07421875
0 0.18408203125 0.61083984375 0.1025390625 0.1025390625
0 0.224609375 0.09912109375 0.14453125 0.1708984375
0 0.646484375 0.88134765625 0.080078125 0.1513671875
0 0.7529296875 0.9541015625 0.09765625 0.08984375
0 0.4599609375 0.6025390625 0.076171875 0.080078125
0 0.6494140625 0.2998046875 0.09765625 0.103515625
0 0.96484375 0.380859375 0.068359375 0.09765625
0 0.419921875 0.72216796875 0.095703125 0.1318359375
0 0.83544921875 0.73046875 0.1044921875 0.10546875
0 0.654296875 0.08203125 0.08203125 0.083984375
0 0.8701171875 0.8681640625 0.158203125 0.08984375
0 0.60302734375 0.92919921875 0.0673828125 0.1318359375
0 0.0390625 0.65576171875 0.078125 0.1357421875
0 0.83642578125 0.03076171875 0.1416015625 0.0615234375
0 0.453125 0.8955078125 0.103515625 0.09765625
