0 0.044921875 0.31494140625 0.08984375 0.1220703125
0 0.701171875 0.40283203125 0.08203125 0.0830078125
0 0.80029296875 0.87451171875 0.0576171875 0.0732421875
0 0.09814453125 0.71728515625 0.0673828125 0.0654296875
0 0.1708984375 0.1083984375 0.109375 0.15625
0 0.9033203125 0.03173828125 0.095703125 0.0615234375
0 0.099609375 0.7978515625 0.142578125 0.060546875
0 0.47802734375 0.06689453125 0.0908203125 0.0849609375
0 0.83251953125 0.59716796875 0.0556640625 0.0908203125
0 0.45361328125 0.9833984375 0.1845703125 0.029296875
0 0.2939453125 0.2275390625 0.109375 0.134765625
0 0.95849609375 0.6474609375 0.0810546875 0.08203125
0 0.88916015625 0.4921875 0.0908203125 0.103515625
0 0.50439453125 0.46484375 0.1279296875 0.087890625
0 0.84033203125 0.93896484375 0.0712890625 0.0595703125
0 0.40625 0.93115234375 0.126953125 0.0830078125
0 0.6484375 0.0419921875 0.119140625 0.083984375
0 0.9794921875 0.02587890625 0.0390625 0.0517578125
0 0.03076171875 0.05126953125 0.0615234375 0.1005859375
0 0.89599609375 0.271484375 0.1279296875 0.103515625
0 0.255859375 0.03173828125 0.08984375 0.0634765625
0 0.84375 0.21875 0.16796875 0.15625
0 0.1533203125 0.27001953125 0.1484375 0.1181640625
0 0.728515625 0.89208984375 0.09375 0.1435546875
0 0.6611328125 0.693359375 0.0859375 0.095703125
0 0.36376953125 0.201171875 0.1044921875 0.166015625
0 0.228515625 0.35888671875 0.08984375 0.0966796875
0 0.97314453125 0.25390625 0.0537109375 0.080078125
0 0.7353515625 0.17578125 0.12890625 0.09765625
