0 0.96826171875 0.67041015625 0.0615234375 0.1376953125
0 0.30859375 0.75048828125 0.109375 0.1201171875
0 0.814453125 0.4345703125 0.15625 0.087890625
0 0.45556640625 0.04296875 0.1123046875 0.0859375
0 0.5654296875 0.10693359375 0.154296875 0.1650390625
0 0.10595703125 0.80126953125 0.1552734375 0.1455078125
0 0.95556640625 0.54248046875 0.0869140625 0.1474609375
0 0.9619140625 0.85595703125 0.072265625 0.1142578125
0 0.31298828125 0.50244140625 0.1396484375 0.0693359375
0 0.3310546875 0.025390625 0.103515625 0.048828125
0 0.0224609375 0.63037109375 0.044921875 0.0810546875
0 0.10791015625 0.13330078125 0.0869140625 0.1240234375
0 0.244140625 0.96826171875 0.1171875 0.0615234375
0 0.94189453125 0.8173828125 0.1142578125 0.16015625
0 0.42578125 0.8857421875 0.115234375 0.140625
0 0.7919921875 0.1240234375 0.138671875 0.205078125
0 0.1474609375 0.4931640625 0.099609375 0.150390625
0 0.2265625 0.7890625 0.091796875 0.142578125
0 0.673828125 0.947265625 0.138671875 0.103515625
0 0.9375 0.10693359375 0.11328125 0.1025390625
0 0.67041015625 0.90576171875 0.1474609375 0.0869140625
