0 0.93359375 0.0693359375 0.12890625 0.138671875
0 0.04443359375 0.41650390625 0.0888671875 0.1103515625
0 0.42529296875 0.5380859375 0.1083984375 0.087890625
0 0.03271484375 0.8740234375 0.0654296875 0.099609375
0 0.8076171875 0.42626953125 0.0859375 0.0908203125
0 0.94873046875 0.15478515625 0.0986328125 0.0771484375
0 0.51611328125 0.01806640625 0.1611328125 0.0341796875
0 0.7021484375 0.3388671875 0.1171875 0.09765625
0 0.03662109375 0.62353515625 0.0712890625 0.1162109375
0 0.5625 0.51904296875 0.150390625 0.1669921875
0 0.9560546875 0.7392578125 0.0859375 0.09765625
0 0.4365234375 0.42236328125 0.095703125 0.0888671875
0 0.25732421875 0.166015625 0.1845703125 0.171875
0 0.10693359375 0.642578125 0.0888671875 0.10546875
0 0.5966796875 0.9169921875 0.076171875 0.083984375
0 0.29833984375 0.79931640625 0.0869140625 0.1103515625
0 0.7177734375 0.5478515625 0.103515625 0.08984375
0 0.16845703125 0.38818359375 0.1279296875 0.1435546875
0 0.5830078125 0.8125 0.140625 0.15625
