0 0.1884765625 0.39306640625 0.17578125 0.0966796875
0 0.7451171875 0.5205078125 0.12890625 0.09765625
0 0.76025390625 0.30029296875 0.0986328125 0.0791015625
0 0.13134765625 0.587890625 0.0986328125 0.1171875
0 0.67138671875 0.68994140625 0.1416015625 0.1201171875
0 0.06689453125 0.33544921875 0.1123046875 0.1005859375
0 0.42626953125 0.78662109375 0.1806640625 0.1181640625
0 0.9599609375 0.5458984375 0.076171875 0.107421875
0 0.873046875 0.9599609375 0.123046875 0.080078125
0 0.95166015625 0.29931640625 0.0947265625 0.1376953125
0 0.64794921875 0.29736328125 0.1357421875 0.1455078125
0 0.6689453125 0.07666015625 0.0625 0.0478515625
0 0.1376953125 0.23388671875 0.08203125 0.0927734375
0 0.88330078125 0.4541015625 0.1025390625 0.08984375
0 0.4150390625 0.544921875 0.087890625 0.099609375
0 0.0712890625 0.83642578125 0.107421875 0.0576171875
0 0.50341796875 0.72119140625 0.1181640625 0.1435546875
0 0.8720703125 0.28125 0.1015625 0.107421875
0 0.4931640625 0.390625 0.154296875 0.078125
0 0.89453125 0.2197265625 0.14453125 0.1015625
0 0.142578125 0.5185546875 0.09765625 0.123046875
0 0.5546875 0.0224609375 0.123046875 0.044921875
0 0.44384765625 0.8994140625 0.1240234375 0.197265625
0 0.36328125 0.9365234375 0.150390625 0.091796875
0 0.4072265625 0.271484375 0.115234375 0.10546875
0 0.05224609375 0.9638671875 0.1044921875 0.0703125
0 0.138671875 0.76123046875 0.099609375 0.1474609375
0 0.025390625 0.05712890625 0.05078125 0.0693359375
0 0.044921875 0.53515625 0.087890625 0.1171875
0 0.74072265625 0.87939453125 0.1044921875 0.2236328125
0 0.7490234375 0.419921875 0.099609375 0.12890625
