0 0.51025390625 0.04345703125 0.1005859375 0.0869140625
0 0.5166015625 0.775390625 0.123046875 0.095703125
0 0.3681640625 0.6826171875 0.072265625 0.126953125
0 0.6044921875 0.1181640625 0.06640625 0.072265625
0 0.166015625 0.9521484375 0.041015625 0.04296875
0 0.81640625 0.6484375 0.087890625 0.0859375
0 0.1630859375 0.11279296875 0.068359375 0.0908203125
0 0.2412109375 0.14501953125 0.0625 0.0986328125
0 0.591796875 0.90087890625 0.146484375 0.0947265625
0 0.10205078125 0.041015625 0.2021484375 0.044921875
0 0.87744140625 0.47607421875 0.1240234375 0.0771484375
0 0.6572265625 0.033203125 0.07421875 0.06640625
0 0.03125 0.52978515625 0.0625 0.0771484375
0 0.29150390625 0.541015625 0.0751953125 0.068359375
0 0.97802734375 0.72314453125 0.0400390625 0.0654296875
0 0.2646484375 0.779296875 0.0859375 0.09765625
0 0.4873046875 0.71142578125 0.0859375 0.1005859375
0 0.34033203125 0.13330078125 0.1689453125 0.1396484375
0 0.25830078125 0.40869140625 0.1376953125 0.0908203125
0 0.65576171875 0.935546875 0.0986328125 0.12109375
0 0.10400390625 0.39404296875 0.0712890625 0.1201171875
0 0.9580078125 0.9599609375 0.08203125 0.078125
0 0.55908203125 0.85791015625 0.1005859375 0.1240234375
0 0.03466796875 0.62255859375 0.0654296875 0.0791015625
0 0.0791015625 0.45849609375 0.10546875 0.0966796875
0 0.50146484375 0.62060546875 0.0947265625 0.0732421875
0 0.69091796875 0.712890625 0.0615234375 0.064453125
0 0.9150390625 0.056640625 0.1328125 0.11328125
0 0.71044921875 0.1337890625 0.0751953125 0.07421875
0 0.7060546875 0.87353515625 0.0859375 0.1318359375
0 0.7470703125 0.61376953125 0.115234375 0.1240234375
0 0.78271484375 0.51025390625 0.1669921875 0.1044921875
