0 0.36474609375 0.8310546875 0.0810546875 0.134765625
0 0.97265625 0.46142578125 0.0546875 0.0751953125
0 0.95068359375 0.38916015625 0.0634765625 0.1044921875
0 0.4013671875 0.240234375 0.068359375 0.095703125
0 0.0234375 0.21435546875 0.046875 0.0751953125
0 0.12646484375 0.17919921875 0.1533203125 0.2333984375
0 0.80029296875 0.93798828125 0.1181640625 0.1162109375
0 0.14794921875 0.55078125 0.0947265625 0.150390625
0 0.72509765625 0.435546875 0.2041015625 0.076171875
0 0.04052734375 0.9365234375 0.0810546875 0.08984375
0 0.958984375 0.1787109375 0.080078125 0.15625
0 0.8349609375 0.92822265625 0.0859375 0.0869140625
0 0.30126953125 0.28173828125 0.0810546875 0.0947265625
0 0.58154296875 0.92236328125 0.1650390625 0.1533203125
0 0.51220703125 0.673828125 0.1220703125 0.134765625
0 0.2802734375 0.373046875 0.267578125 0.0859375
0 0.345703125 0.67041015625 0.103515625 0.0947265625
0 0.94482421875 0.794921875 0.1083984375 0.08984375
0 0.5595703125 0.51904296875 0.08984375 0.0908203125
0 0.46337890625 0.56689453125 0.1669921875 0.1259765625
0 0.8017578125 0.310546875 0.208984375 0.0859375
0 0.95458984375 0.5791015625 0.0888671875 0.078125
0 0.19580078125 0.244140625 0.1591796875 0.146484375
