0 0.77099609375 0.25732421875 0.0439453125 0.0361328125
0 0.87255859375 0.28173828125 0.0830078125 0.0693359375
0 0.1533203125 0.50390625 0.060546875 0.0703125
0 0.3115234375 0.279296875 0.134765625 0.08984375
0 0.52294921875 0.6298828125 0.0693359375 0.07421875
0 0.2314453125 0.26123046875 0.10546875 0.0634765625
0 0.0224609375 0.142578125 0.044921875 0.091796875
0 0.76123046875 0.0185546875 0.1123046875 0.037109375
0 0.7216796875 0.18896484375 0.095703125 0.0966796875
0 0.89111328125 0.365234375 0.0751953125 0.068359375
0 0.93701171875 0.0244140625 0.0966796875 0.046875
0 0.41015625 0.50048828125 0.07421875 0.0537109375
0 0.1318359375 0.4072265625 0.072265625 0.08203125
0 0.3984375 0.19091796875 0.068359375 0.0751953125
0 0.38818359375 0.40771484375 0.1005859375 0.0849609375
0 0.302734375 0.37939453125 0.177734375 0.1083984375
0 0.125 0.154296875 0.09375 0.083984375
0 0.484375 0.091796875 0.06640625 0.064453125
0 0.798828125 0.775390625 0.0703125 0.072265625
0 0.2275390625 0.93017578125 0.068359375 0.0986328125
0 0.5888671875 0.81591796875 0.095703125 0.0751953125
0 0.53857421875 0.9716796875 0.0751953125 0.0546875
0 0.267578125 0.51416015625 0.0625 0.0595703125
0 0.79736328125 0.49951171875 0.0869140625 0.1220703125
0 0.947265625 0.96435546875 0.103515625 0.0693359375
0 0.0546875 0.59130859375 0.091796875 0.1005859375
