0 0.78271484375 0.96337890625 0.0673828125 0.0693359375
0 0.0498046875 0.52880859375 0.099609375 0.1005859375
0 0.06640625 0.88427734375 0.126953125 0.0888671875
0 0.1572265625 0.78662109375 0.146484375 0.1064453125
0 0.93359375 0.75634765625 0.130859375 0.1455078125
0 0.43505859375 0.2216796875 0.0830078125 0.115234375
0 0.482421875 0.0927734375 0.11328125 0.076171875
0 0.93359375 0.8173828125 0.052734375 0.0703125
0 0.55908203125 0.38916015625 0.1572265625 0.0830078125
0 0.56005859375 0.14697265625 0.0947265625 0.0908203125
0 0.29345703125 0.39306640625 0.0869140625 0.1279296875
0 0.650390625 0.42529296875 0.15625 0.1396484375
0 0.57763671875 0.6044921875 0.0693359375 0.134765625
0 0.8955078125 0.16162109375 0.068359375 0.0732421875
0 0.291015625 0.2958984375 0.056640625 0.0625
0 0.822265625 0.35498046875 0.095703125 0.1162109375
0 0.1826171875 0.28955078125 0.0625 0.0576171875
0 0.05029296875 0.09619140625 0.1005859375 0.1123046875
0 0.95263671875 0.251953125 0.0615234375 0.13671875
0 0.66650390625 0.54150390625 0.0634765625 0.0966796875
0 0.01318359375 0.87109375 0.0263671875 0.1328125
0 0.92529296875 0.5908203125 0.1435546875 0.115234375
0 0.806640625 0.60986328125 0.126953125 0.0986328125
0 0.8603515625 0.63427734375 0.08203125 0.0732421875
0 0.59423828125 0.02587890625 0.1279296875 0.0517578125
0 0.51513671875 0.78857421875 0.1513671875 0.1142578125
0 0.234375 0.85107421875 0.134765625 0.0947265625
0 0.02783203125 0.7109375 0.0556640625 0.134765625
0 0.23486328125 0.66650390625 0.1357421875 0.0986328125
0 0.130859375 0.19140625 0.0703125 0.0703125
0 0.96826171875 0.021484375 0.0615234375 0.041015625
