0 0.83740234375 0.31689453125 0.0888671875 0.1689453125
0 0.45703125 0.30419921875 0.068359375 0.1181640625
0 0.97265625 0.78369140625 0.052734375 0.0830078125
0 0.0302734375 0.0390625 0.060546875 0.076171875
0 0.658203125 0.77880859375 0.076171875 0.0810546875
0 0.888671875 0.908203125 0.130859375 0.09375
0 0.0712890625 0.974609375 0.142578125 0.048828125
0 0.5283203125 0.9208984375 0.1171875 0.158203125
0 0.36279296875 0.58203125 0.1005859375 0.09375
0 0.21826171875 0.6044921875 0.0810546875 0.0703125
0 0.541015625 0.78662109375 0.107421875 0.1181640625
0 0.794921875 0.17138671875 0.1640625 0.0849609375
0 0.97607421875 0.67529296875 0.0478515625 0.0947265625
0 0.3798828125 0.96923828125 0.095703125 0.0576171875
0 0.25927734375 0.77685546875 0.0947265625 0.1337890625
0 0.67578125 0.40478515625 0.0703125 0.1435546875
0 0.806640625 0.9228515625 0.083984375 0.078125
0 0.37060546875 0.455078125 0.0830078125 0.09765625
0 0.974609375 0.34912109375 0.048828125 0.1826171875
0 0.4697265625 0.02880859375 0.107421875 0.0556640625
0 0.0517578125 0.5068359375 0.09375 0.166015625
0 0.21728515625 0.71142578125 0.0830078125 0.1318359375
0 0.25830078125 0.375 0.0849609375 0.091796875
0 0.18798828125 0.21240234375 0.1103515625 0.1240234375
0 0.6953125 0.9638671875 0.15234375 0.0703125
