0 0.447265625 0.22607421875 0.115234375 0.1279296875
0 0.53125 0.78662109375 0.099609375 0.0830078125
0 0.33251953125 0.0263671875 0.0927734375 0.052734375
0 0.201171875 0.759765625 0.08984375 0.078125
0 0.4990234375 0.91455078125 0.109375 0.1005859375
0 0.50146484375 0.0341796875 0.0986328125 0.0625
0 0.86181640625 0.7587890625 0.1357421875 0.056640625
0 0.93408203125 0.880859375 0.0849609375 0.142578125
0 0.412109375 0.970703125 0.138671875 0.05859375
0 0.2939453125 0.0703125 0.091796875 0.140625
0 0.0947265625 0.70556640625 0.06640625 0.0654296875
0 0.43212890625 0.62939453125 0.1630859375 0.1767578125
0 0.7705078125 0.53466796875 0.08203125 0.0888671875
0 0.783203125 0.248046875 0.080078125 0.140625
0 0.16748046875 0.248046875 0.1572265625 0.078125
0 0.03076171875 0.0830078125 0.0615234375 0.09375
0 0.02587890625 0.63671875 0.0517578125 0.1171875
0 0.89892578125 0.70458984375 0.0966796875 0.0810546875
0 0.080078125 0.1064453125 0.068359375 0.107421875
0 0.96533203125 0.64111328125 0.0673828125 0.1298828125
0 0.2841796875 0.8525390625 0.08984375 0.177734375
0 0.52685546875 0.62353515625 0.1298828125 0.2099609375
0 0.8056640625 0.66748046875 0.080078125 0.0693359375
0 0.01953125 0.287109375 0.0390625 0.072265625
0 0.46142578125 0.44287109375 0.0830078125 0.1376953125
0 0.8818359375 0.41064453125 0.177734375 0.1708984375
0 0.31103515625 0.71044921875 0.0673828125 0.1298828125
0 0.39697265625 0.849609375 0.1298828125 0.060546875
0 0.97314453125 0.818359375 0.0517578125 0.126953125
0 0.96630859375 0.08349609375 0.0654296875 0.0888671875
