0 0.296875 0.15673828125 0.123046875 0.1337890625
0 0.404296875 0.98046875 0.099609375 0.037109375
0 0.0751953125 0.7666015625 0.078125 0.17578125
0 0.18701171875 0.83544921875 0.1259765625 0.2060546875
0 0.345703125 0.90283203125 0.08203125 0.1044921875
0 0.19140625 0.7333984375 0.09375 0.150390625
0 0.58154296875 0.60107421875 0.2255859375 0.1396484375
0 0.6357421875 0.6689453125 0.13671875 0.126953125
0 0.9111328125 0.75 0.140625 0.130859375
0 0.71240234375 0.451171875 0.1181640625 0.109375
0 0.9638671875 0.919921875 0.0703125 0.158203125
0 0.96240234375 0.3515625 0.0732421875 0.173828125
0 0.73583984375 0.59912109375 0.1142578125 0.1083984375
0 0.09130859375 0.892578125 0.1005859375 0.126953125
0 0.03759765625 0.86376953125 0.0751953125 0.1259765625
0 0.83056640625 0.3056640625 0.1318359375 0.19921875
0 0.76513671875 0.87646484375 0.1044921875 0.2021484375
0 0.50634765625 0.09619140625 0.0810546875 0.1865234375
0 0.19970703125 0.919921875 0.1474609375 0.15625
0 0.9560546875 0.15966796875 0.0859375 0.1396484375
0 0.84716796875 0.93017578125 0.1298828125 0.1376953125
0 0.78564453125 0.66064453125 0.1025390625 0.2294921875
0 0.21728515625 0.94189453125 0.1455078125 0.1142578125
0 0.0537109375 0.18505859375 0.107421875 0.1552734375
0 0.22998046875 0.3623046875 0.1142578125 0.16796875
0 0.34228515625 0.36572265625 0.0869140625 0.2080078125
0 0.31787109375 0.74951171875 0.1201171875 0.1123046875
0 0.75732421875 0.36279296875 0.1259765625 0.1103515625
0 0.251953125 0.02099609375 0.099609375 0.0419921875
0 0.85693359375 0.10986328125 0.0869140625 0.1513671875
0 0.46826171875 0.65478515625 0.1083984375 0.2705078125
0 0.5458984375 0.3955078125 0.171875 0.19921875
0 0.83935546875 0.1943359375 0.1923828125 0.193359375
