0 0.12841796875 0.81787109375 0.1298828125 0.0732421875
0 0.69287109375 0.81201171875 0.1279296875 0.1083984375
0 0.43505859375 0.873046875 0.2138671875 0.158203125
0 0.0546875 0.0869140625 0.083984375 0.056640625
0 0.7197265625 0.15185546875 0.169921875 0.1005859375
0 0.6806640625 0.298828125 0.103515625 0.09375
0 0.548828125 0.6220703125 0.111328125 0.12109375
0 0.95654296875 0.40185546875 0.0810546875 0.0908203125
0 0.6396484375 0.3779296875 0.119140625 0.130859375
0 0.38037109375 0.953125 0.1220703125 0.09375
0 0.515625 0.0693359375 0.1015625 0.0859375
0 0.9658203125 0.3037109375 0.06640625 0.09765625
0 0.90283203125 0.4462890625 0.0810546875 0.0703125
0 0.5458984375 0.22265625 0.111328125 0.103515625
0 0.201171875 0.2275390625 0.083984375 0.080078125
0 0.279296875 0.478515625 0.126953125 0.05859375
0 0.63427734375 0.708984375 0.2177734375 0.068359375
0 0.44921875 0.123046875 0.08984375 0.1640625
0 0.8955078125 0.9638671875 0.203125 0.06640625
0 0.359375 0.2646484375 0.0859375 0.1171875
0 0.60546875 0.15185546875 0.07421875 0.1416015625
0 0.77587890625 0.30712890625 0.1123046875 0.1201171875
