0 0.7216796875 0.62841796875 0.099609375 0.2216796875
0 0.1123046875 0.5234375 0.224609375 0.111328125
0 0.912109375 0.29541015625 0.08984375 0.1533203125
0 0.98681640625 0.77294921875 0.0244140625 0.0576171875
0 0.58642578125 0.95458984375 0.1982421875 0.0849609375
0 0.23876953125 0.244140625 0.1982421875 0.10546875
0 0.36181640625 0.26171875 0.1162109375 0.083984375
0 0.736328125 0.0947265625 0.08984375 0.1328125
0 0.341796875 0.03564453125 0.14453125 0.0712890625
0 0.85888671875 0.1669921875 0.1044921875 0.0859375
0 0.09130859375 0.1943359375 0.1455078125 0.1015625
0 0.94189453125 0.34423828125 0.1142578125 0.1220703125
0 0.07275390625 0.3046875 0.1455078125 0.10546875
0 0.1328125 0.048828125 0.162109375 0.09765625
0 0.54443359375 0.66162109375 0.1201171875 0.1220703125
0 0.14453125 0.900390625 0.103515625 0.1328125
0 0.6796875 0.39892578125 0.16015625 0.1044921875
0 0.09912109375 0.37451171875 0.1982421875 0.1142578125
