0 0.181640625 0.94921875 0.125 0.095703125
0 0.39501953125 0.30078125 0.1005859375 0.146484375
0 0.0966796875 0.19091796875 0.06640625 0.0732421875
0 0.3154296875 0.64892578125 0.0703125 0.1318359375
0 0.44189453125 0.0966796875 0.1728515625 0.166015625
0 0.01953125 0.3955078125 0.0390625 0.15234375
0 0.1416015625 0.9375 0.091796875 0.0625
0 0.44873046875 0.92626953125 0.2119140625 0.1376953125
0 0.57177734375 0.6455078125 0.0888671875 0.1953125
0 0.4267578125 0.025390625 0.087890625 0.05078125
0 0.68408203125 0.4150390625 0.1806640625 0.09375
0 0.82861328125 0.2177734375 0.2216796875 0.08984375
0 0.89990234375 0.40380859375 0.1298828125 0.0908203125
0 0.046875 0.603515625 0.09375 0.1015625
0 0.19580078125 0.4306640625 0.1025390625 0.2109375
0 0.89892578125 0.80810546875 0.1748046875 0.1025390625
0 0.69482421875 0.9599609375 0.1533203125 0.06640625
0 0.931640625 0.09228515625 0.134765625 0.1826171875
0 0.7099609375 0.5576171875 0.099609375 0.251953125
0 0.20068359375 0.119140625 0.1142578125 0.166015625
0 0.96142578125 0.6396484375 0.0712890625 0.203125
0 0.8671875 0.0986328125 0.1953125 0.1953125
0 0.78515625 0.251953125 0.087890625 0.1484375
0 0.1064453125 0.556640625 0.1328125 0.087890625
0 0.80126953125 0.52734375 0.0986328125 0.125
0 0.677734375 0.58251953125 0.1875 0.0947265625
