0 0.61328125 0.0263671875 0.2421875 0.05078125
0 0.92529296875 0.33349609375 0.0830078125 0.0966796875
0 0.9599609375 0.466796875 0.078125 0.107421875
0 0.35546875 0.22314453125 0.09765625 0.0986328125
0 0.7060546875 0.6455078125 0.158203125 0.14453125
0 0.28466796875 0.56298828125 0.1376953125 0.1005859375
0 0.8056640625 0.267578125 0.107421875 0.09375
0 0.49951171875 0.55029296875 0.1416015625 0.1787109375
0 0.07177734375 0.70703125 0.0888671875 0.087890625
0 0.322265625 0.76953125 0.080078125 0.1640625
0 0.8466796875 0.033203125 0.09375 0.06640625
0 0.8486328125 0.55908203125 0.123046875 0.1142578125
0 0.78173828125 0.8974609375 0.1904296875 0.103515625
0 0.04052734375 0.140625 0.0615234375 0.0625
0 0.46923828125 0.18701171875 0.1103515625 0.0849609375
0 0.93115234375 0.9384765625 0.1357421875 0.1015625
0 0.0361328125 0.068359375 0.072265625 0.09765625
0 0.8447265625 0.69482421875 0.06640625 0.0654296875
0 0.2734375 0.3310546875 0.142578125 0.1640625
0 0.87841796875 0.55615234375 0.1591796875 0.0751953125
0 0.88427734375 0.11083984375 0.0869140625 0.1689453125
0 0.69921875 0.5927734375 0.09765625 0.189453125
0 0.26513671875 0.93505859375 0.1611328125 0.1240234375
0 0.6474609375 0.14453125 0.111328125 0.11328125
0 0.47802734375 0.94287109375 0.1240234375 0.0712890625
0 0.6064453125 0.9560546875 0.046875 0.087890625
0 0.11474609375 0.27294921875 0.1005859375 0.1103515625
0 0.1103515625 0.94921875 0.078125 0.1015625
0 0.8984375 0.7734375 0.1328125 0.1171875
