0 0.5400390625 0.1904296875 0.041015625 0.05859375
0 0.39697265625 0.20361328125 0.0908203125 0.1494140625
0 0.830078125 0.04443359375 0.056640625 0.0537109375
0 0.763671875 0.16064453125 0.0703125 0.0810546875
0 0.15087890625 0.91796875 0.2099609375 0.123046875
0 0.7109375 0.9072265625 0.072265625 0.080078125
0 0.93359375 0.03076171875 0.052734375 0.0595703125
0 0.04443359375 0.22412109375 0.0888671875 0.1474609375
0 0.4541015625 0.974609375 0.09765625 0.048828125
0 0.8974609375 0.29443359375 0.083984375 0.1123046875
0 0.357421875 0.0927734375 0.06640625 0.099609375
0 0.39404296875 0.82763671875 0.2255859375 0.1650390625
0 0.80712890625 0.78857421875 0.1455078125 0.0595703125
0 0.13671875 0.73779296875 0.0625 0.0810546875
0 0.8134765625 0.9033203125 0.08984375 0.076171875
0 0.7900390625 0.57080078125 0.09765625 0.1005859375
0 0.607421875 0.775390625 0.193359375 0.142578125
0 0.1806640625 0.3076171875 0.060546875 0.109375
0 0.46484375 0.56396484375 0.09375 0.1298828125
0 0.3134765625 0.34326171875 0.08984375 0.0830078125
0 0.54638671875 0.67041015625 0.1396484375 0.1787109375
