0 0.55224609375 0.4375 0.0849609375 0.05859375
0 0.05810546875 0.4384765625 0.1162109375 0.09375
0 0.23486328125 0.65234375 0.0732421875 0.056640625
0 0.72412109375 0.55859375 0.1259765625 0.095703125
0 0.63818359375 0.62939453125 0.0908203125 0.1005859375
0 0.15576171875 0.2998046875 0.0771484375 0.13671875
0 0.88330078125 0.1552734375 0.0673828125 0.12109375
0 0.27880859375 0.32958984375 0.0537109375 0.0771484375
0 0.3935546875 0.90869140625 0.060546875 0.0634765625
0 0.9208984375 0.74755859375 0.099609375 0.0810546875
0 0.0439453125 0.654296875 0.087890625 0.111328125
0 0.056640625 0.3701171875 0.080078125 0.10546875
0 0.2861328125 0.21826171875 0.1171875 0.1181640625
0 0.7705078125 0.28857421875 0.134765625 0.1337890625
0 0.9580078125 0.1845703125 0.080078125 0.060546875
0 0.6806640625 0.56396484375 0.09765625 0.1181640625
0 0.30615234375 0.57763671875 0.0888671875 0.1376953125
0 0.74755859375 0.103515625 0.1396484375 0.1171875
0 0.62158203125 0.9736328125 0.1083984375 0.05078125
0 0.59326171875 0.07421875 0.1064453125 0.076171875
0 0.07861328125 0.21875 0.1103515625 0.13671875
0 0.6201171875 0.4248046875 0.0703125 0.1171875
0 0.85986328125 0.021484375 0.0810546875 0.0390625
0 0.107421875 0.0546875 0.0703125 0.0625
0 0.32421875 0.9326171875 0.068359375 0.130859375
