0 0.31591796875 0.33154296875 0.1220703125 0.1123046875
0 0.1572265625 0.0771484375 0.087890625 0.09375
0 0.96875 0.61767578125 0.0625 0.1142578125
0 0.9228515625 0.37939453125 0.080078125 0.1103515625
0 0.22607421875 0.51806640625 0.1083984375 0.0576171875
0 0.072265625 0.9013671875 0.14453125 0.109375
0 0.39794921875 0.6240234375 0.1259765625 0.076171875
0 0.541015625 0.869140625 0.115234375 0.13671875
0 0.89013671875 0.578125 0.0634765625 0.0625
0 0.21923828125 0.361328125 0.1396484375 0.091796875
0 0.75634765625 0.35595703125 0.0986328125 0.1142578125
0 0.14208984375 0.021484375 0.0908203125 0.04296875
0 0.443359375 0.30908203125 0.111328125 0.0966796875
0 0.72705078125 0.1064453125 0.1005859375 0.08203125
0 0.4111328125 0.0478515625 0.087890625 0.080078125
0 0.8935546875 0.712890625 0.087890625 0.126953125
0 0.46728515625 0.1220703125 0.1123046875 0.1015625
0 0.83544921875 0.79296875 0.1083984375 0.10546875
0 0.2724609375 0.65087890625 0.099609375 0.1455078125
0 0.599609375 0.75390625 0.173828125 0.09765625
0 0.69970703125 0.88525390625 0.0712890625 0.0830078125
0 0.14697265625 0.9375 0.1298828125 0.123046875
0 0.46875 0.873046875 0.0703125 0.12890625
0 0.03662109375 0.5009765625 0.0732421875 0.111328125
0 0.91650390625 0.2607421875 0.0966796875 0.08984375
