0 0.279296875 0.32421875 0.166015625 0.119140625
0 0.64990234375 0.91845703125 0.0908203125 0.1552734375
0 0.919921875 0.94140625 0.05859375 0.115234375
0 0.22314453125 0.1689453125 0.1669921875 0.087890625
0 0.5625 0.73291015625 0.244140625 0.1240234375
0 0.88671875 0.83544921875 0.080078125 0.1240234375
0 0.88134765625 0.60888671875 0.0673828125 0.1337890625
0 0.6298828125 0.591796875 0.125 0.1171875
0 0.85107421875 0.498046875 0.1904296875 0.103515625
0 0.2080078125 0.65478515625 0.068359375 0.0751953125
0 0.5224609375 0.8525390625 0.216796875 0.115234375
0 0.31494140625 0.69482421875 0.0771484375 0.0673828125
0 0.02490234375 0.572265625 0.0498046875 0.060546875
0 0.45263671875 0.51025390625 0.1005859375 0.1005859375
0 0.10107421875 0.51025390625 0.0966796875 0.0966796875
0 0.771484375 0.4296875 0.1171875 0.076171875
0 0.43359375 0.07568359375 0.197265625 0.1318359375
0 0.498046875 0.40576171875 0.119140625 0.1064453125
0 0.69873046875 0.62841796875 0.0947265625 0.0732421875
0 0.49853515625 0.63037109375 0.0615234375 0.1376953125
0 0.47314453125 0.0478515625 0.0947265625 0.09375
0 0.8505859375 0.40087890625 0.078125 0.1474609375
