0 0.7275390625 0.30078125 0.052734375 0.05078125
0 0.734375 0.75439453125 0.09765625 0.0966796875
0 0.21826171875 0.10205078125 0.0654296875 0.0947265625
0 0.25830078125 0.54638671875 0.0712890625 0.0869140625
0 0.53173828125 0.80859375 0.0712890625 0.09765625
0 0.33740234375 0.59765625 0.0673828125 0.0703125
0 0.94775390625 0.17724609375 0.1005859375 0.1416015625
0 0.11865234375 0.66650390625 0.1201171875 0.0849609375
0 0.49169921875 0.07568359375 0.0634765625 0.1240234375
0 0.595703125 0.06884765625 0.103515625 0.1357421875
0 0.72509765625 0.095703125 0.0673828125 0.115234375
0 0.462890625 0.810546875 0.068359375 0.130859375
0 0.181640625 0.74951171875 0.0703125 0.0693359375
0 0.4599609375 0.62646484375 0.13671875 0.0771484375
0 0.40380859375 0.3955078125 0.0986328125 0.068359375
0 0.03955078125 0.72509765625 0.0791015625 0.0732421875
0 0.9521484375 0.4375 0.091796875 0.076171875
0 0.80322265625 0.140625 0.0927734375 0.103515625
0 0.595703125 0.4833984375 0.0625 0.0625
0 0.3984375 0.28076171875 0.111328125 0.0888671875
0 0.10009765625 0.1162109375 0.0654296875 0.12109375
0 0.2509765625 0.04541015625 0.109375 0.0888671875
0 0.611328125 0.30322265625 0.087890625 0.0576171875
0 0.71923828125 0.59619140625 0.1474609375 0.0830078125
0 0.0703125 0.9482421875 0.09375 0.056640625
0 0.47265625 0.96875 0.0703125 0.060546875
0 0.31640625 0.8154296875 0.07421875 0.099609375
