0 0.33642578125 0.95166015625 0.0693359375 0.0966796875
0 0.1767578125 0.08349609375 0.056640625 0.1162109375
0 0.4326171875 0.1328125 0.078125 0.07421875
0 0.53076171875 0.8203125 0.1748046875 0.189453125
0 0.77197265625 0.02001953125 0.0849609375 0.0400390625
0 0.96630859375 0.90771484375 0.0634765625 0.0888671875
0 0.04638671875 0.572265625 0.0927734375 0.146484375
0 0.21240234375 0.4814453125 0.1064453125 0.10546875
0 0.33203125 0.41845703125 0.111328125 0.1259765625
0 0.66796875 0.4111328125 0.083984375 0.107421875
0 0.0185546875 0.35498046875 0.037109375 0.0498046875
0 0.58349609375 0.58740234375 0.1767578125 0.1376953125
0 0.93505859375 0.4072265625 0.1279296875 0.255859375
0 0.70751953125 0.44384765625 0.0810546875 0.1376953125
0 0.5205078125 0.11865234375 0.12890625 0.2373046875
0 0.08837890625 0.17724609375 0.1005859375 0.2099609375
0 0.85205078125 0.35400390625 0.1044921875 0.0966796875
0 0.552734375 0.42919921875 0.109375 0.0888671875
0 0.677734375 0.04736328125 0.1015625 0.0947265625
0 0.25537109375 0.099609375 0.1494140625 0.1953125
0 0.97265625 0.7978515625 0.0546875 0.07421875
0 0.37353515625 0.6875 0.1005859375 0.06640625
0 0.14990234375 0.0185546875 0.1884765625 0.037109375
0 0.02294921875 0.2060546875 0.0458984375 0.068359375
0 0.10009765625 0.2802734375 0.2001953125 0.078125
0 0.61572265625 0.52294921875 0.0615234375 0.0986328125
0 0.76611328125 0.8427734375 0.2685546875 0.125
0 0.671875 0.2099609375 0.15234375 0.12109375
0 0.11962890625 0.14892578125 0.0556640625 0.0888671875
0 0.96435546875 0.15185546875 0.0712890625 0.1044921875
0 0.48486328125 0.66650390625 0.0673828125 0.0966796875
0 0.8603515625 0.24609375 0.146484375 0.1484375
0 0.88427734375 0.03173828125 0.0615234375 0.0634765625
0 0.6083984375 0.68115234375 0.0859375 0.0830078125
0 0.43896484375 0.40380859375 0.0771484375 0.0751953125
