0 0.865234375 0.1259765625 0.08203125 0.119140625
0 0.94482421875 0.75244140625 0.0654296875 0.0615234375
0 0.23193359375 0.37109375 0.0517578125 0.0703125
0 0.64404296875 0.25 0.0537109375 0.068359375
0 0.619140625 0.70751953125 0.072265625 0.0732421875
0 0.73583984375 0.232421875 0.0595703125 0.064453125
0 0.6650390625 0.05322265625 0.076171875 0.0947265625
0 0.59033203125 0.41552734375 0.0791015625 0.0830078125
0 0.490234375 0.84033203125 0.064453125 0.0673828125
0 0.9716796875 0.974609375 0.0546875 0.05078125
0 0.43310546875 0.28369140625 0.0947265625 0.0927734375
0 0.5224609375 0.68115234375 0.06640625 0.0986328125
0 0.05078125 0.978515625 0.0703125 0.04296875
0 0.97900390625 0.55615234375 0.0419921875 0.1044921875
0 0.56396484375 0.86572265625 0.1142578125 0.1220703125
0 0.89599609375 0.81982421875 0.0654296875 0.0712890625
0 0.4287109375 0.1123046875 0.09765625 0.123046875
0 0.91552734375 0.33349609375 0.0517578125 0.0869140625
0 0.20458984375 0.53564453125 0.1025390625 0.1083984375
0 0.4560546875 0.46875 0.060546875 0.05078125
0 0.7548828125 0.58447265625 0.09375 0.0927734375
0 0.3212890625 0.1337890625 0.099609375 0.087890625
0 0.45654296875 0.94140625 0.0615234375 0.0859375
0 0.47607421875 0.732421875 0.0498046875 0.044921875
0 0.71923828125 0.8525390625 0.0595703125 0.1015625
0 0.12158203125 0.0517578125 0.0908203125 0.07421875
