0 0.6572265625 0.9599609375 0.103515625 0.078125
0 0.22705078125 0.67578125 0.1376953125 0.083984375
0 0.77197265625 0.943359375 0.1689453125 0.111328125
0 0.3388671875 0.90087890625 0.11328125 0.1435546875
0 0.34228515625 0.349609375 0.0986328125 0.080078125
0 0.09228515625 0.384765625 0.1552734375 0.12890625
0 0.85791015625 0.5654296875 0.0810546875 0.1015625
0 0.08349609375 0.72412109375 0.1162109375 0.0908203125
0 0.6943359375 0.07470703125 0.064453125 0.0595703125
0 0.3935546875 0.97265625 0.0703125 0.044921875
0 0.37255859375 0.23974609375 0.0947265625 0.1064453125
0 0.66162109375 0.29541015625 0.0986328125 0.0927734375
0 0.0517578125 0.31298828125 0.087890625 0.1064453125
0 0.97900390625 0.78076171875 0.0419921875 0.0615234375
0 0.4853515625 0.03857421875 0.0625 0.0595703125
0 0.14990234375 0.86572265625 0.1162109375 0.0830078125
0 0.44970703125 0.83349609375 0.0849609375 0.0986328125
0 0.73046875 0.64306640625 0.076171875 0.1181640625
0 0.48193359375 0.14892578125 0.0869140625 0.1474609375
0 0.8359375 0.857421875 0.080078125 0.09765625
0 0.92333984375 0.9013671875 0.0556640625 0.091796875
0 0.23095703125 0.42724609375 0.0537109375 0.0654296875
0 0.81982421875 0.2333984375 0.0634765625 0.080078125
0 0.07177734375 0.20166015625 0.1123046875 0.1220703125
0 0.64892578125 0.16748046875 0.0537109375 0.0693359375
0 0.59423828125 0.93896484375 0.0927734375 0.0830078125
0 0.65185546875 0.84619140625 0.0849609375 0.1455078125
0 0.7744140625 0.1455078125 0.09375 0.0703125
0 0.4658203125 0.52197265625 0.08203125 0.1181640625
0 0.5498046875 0.775390625 0.07421875 0.068359375
0 0.75 0.8271484375 0.0859375 0.123046875
0 0.482421875 0.771484375 0.0703125 0.130859375
