0 0.0322265625 0.70166015625 0.064453125 0.1181640625
0 0.96240234375 0.78369140625 0.0712890625 0.0927734375
0 0.56640625 0.0849609375 0.111328125 0.06640625
0 0.54541015625 0.154296875 0.0751953125 0.080078125
0 0.4609375 0.12890625 0.06640625 0.0703125
0 0.78955078125 0.57958984375 0.0966796875 0.1494140625
0 0.3056640625 0.2060546875 0.083984375 0.064453125
0 0.96923828125 0.3125 0.0576171875 0.107421875
0 0.59326171875 0.2353515625 0.0791015625 0.08203125
0 0.248046875 0.92626953125 0.13671875 0.0986328125
0 0.4169921875 0.30810546875 0.060546875 0.0830078125
0 0.51171875 0.96484375 0.07421875 0.0703125
0 0.0244140625 0.0986328125 0.048828125 0.06640625
0 0.6552734375 0.845703125 0.068359375 0.06640625
0 0.83203125 0.8369140625 0.07421875 0.083984375
0 0.3154296875 0.2802734375 0.076171875 0.068359375
0 0.97021484375 0.16650390625 0.0556640625 0.0791015625
0 0.98388671875 0.43798828125 0.0322265625 0.0771484375
0 0.7890625 0.92041015625 0.056640625 0.0947265625
0 0.23876953125 0.9375 0.0654296875 0.1171875
0 0.59619140625 0.767578125 0.0771484375 0.150390625
0 0.4892578125 0.8505859375 0.109375 0.177734375
0 0.740234375 0.17236328125 0.09765625 0.0947265625
