0 0.49658203125 0.5556640625 0.1904296875 0.2421875
0 0.056640625 0.5126953125 0.064453125 0.087890625
0 0.59033203125 0.50439453125 0.0810546875 0.1396484375
0 0.28173828125 0.57080078125 0.0869140625 0.0751953125
0 0.56103515625 0.7587890625 0.1689453125 0.087890625
0 0.94140625 0.693359375 0.107421875 0.068359375
0 0.400390625 0.1171875 0.189453125 0.115234375
0 0.5537109375 0.134765625 0.1171875 0.2265625
0 0.189453125 0.27978515625 0.119140625 0.3232421875
0 0.47021484375 0.787109375 0.0986328125 0.173828125
0 0.4443359375 0.15966796875 0.07421875 0.1279296875
0 0.4404296875 0.9716796875 0.091796875 0.052734375
0 0.666015625 0.828125 0.068359375 0.15234375
0 0.11572265625 0.63427734375 0.0810546875 0.1845703125
0 0.97509765625 0.5703125 0.0478515625 0.08203125
0 0.2724609375 0.267578125 0.064453125 0.083984375
0 0.03759765625 0.09375 0.0732421875 0.185546875
0 0.35009765625 0.40234375 0.1533203125 0.099609375
0 0.18310546875 0.35986328125 0.1416015625 0.0732421875
0 0.82666015625 0.1494140625 0.0791015625 0.09375
0 0.22900390625 0.0498046875 0.0810546875 0.099609375
0 0.78369140625 0.48876953125 0.1650390625 0.0986328125
