0 0.85400390625 0.4296875 0.0927734375 0.09375
0 0.0712890625 0.59521484375 0.044921875 0.1201171875
0 0.06396484375 0.1689453125 0.0771484375 0.05859375
0 0.056640625 0.046875 0.0625 0.05859375
0 0.517578125 0.91455078125 0.0703125 0.0693359375
0 0.64111328125 0.447265625 0.0537109375 0.048828125
0 0.3046875 0.57763671875 0.09765625 0.1181640625
0 0.0771484375 0.84619140625 0.09765625 0.0537109375
0 0.4658203125 0.51025390625 0.068359375 0.0791015625
0 0.291015625 0.85205078125 0.08203125 0.0791015625
0 0.49853515625 0.1953125 0.0615234375 0.05859375
0 0.34912109375 0.0654296875 0.0654296875 0.05859375
0 0.4599609375 0.2578125 0.04296875 0.05078125
0 0.607421875 0.2568359375 0.08203125 0.07421875
0 0.05712890625 0.50146484375 0.0712890625 0.0712890625
0 0.02783203125 0.806640625 0.0556640625 0.0703125
0 0.62744140625 0.03759765625 0.0751953125 0.0751953125
0 0.408203125 0.2294921875 0.072265625 0.07421875
0 0.94287109375 0.9443359375 0.0654296875 0.0625
0 0.94677734375 0.576171875 0.0966796875 0.076171875
0 0.28271484375 0.31396484375 0.0458984375 0.0498046875
0 0.73828125 0.8125 0.078125 0.072265625
0 0.21240234375 0.35546875 0.0771484375 0.06640625
0 0.5556640625 0.84228515625 0.07421875 0.0732421875
0 0.70361328125 0.5078125 0.0576171875 0.048828125
0 0.82421875 0.947265625 0.05859375 0.046875
0 0.7705078125 0.42041015625 0.04296875 0.0478515625
0 0.83544921875 0.5537109375 0.1240234375 0.09375
0 0.08544921875 0.70947265625 0.0419921875 0.0771484375
0 0.05615234375 0.916015625 0.1123046875 0.078125
0 0.40380859375 0.8662109375 0.0556640625 0.05078125
0 0.64208984375 0.943359375 0.0693359375 0.091796875
0 0.2978515625 0.91796875 0.06640625 0.08984375
0 0.94921875 0.44140625 0.0625 0.087890625
0 0.2802734375 0.0322265625 0.044921875 0.046875
0 0.5224609375 0.2607421875 0.048828125 0.072265625
0 0.13720703125 0.953125 0.0888671875 0.072265625
0 0.64306640625 0.212890625 0.0576171875 0.068359375
0 0.4267578125 0.39404296875 0.072265625 0.0830078125
0 0.3212890625 0.3759765625 0.109375 0.080078125
0 0.93505859375 0.8046875 0.0673828125 0.07421875
