0 0.41357421875 0.04833984375 0.1318359375 0.0966796875
0 0.59521484375 0.234375 0.1337890625 0.150390625
0 0.45458984375 0.06103515625 0.0888671875 0.0498046875
0 0.44482421875 0.8466796875 0.0771484375 0.119140625
0 0.51318359375 0.28271484375 0.0732421875 0.1494140625
0 0.044921875 0.78076171875 0.08984375 0.0712890625
0 0.373046875 0.6015625 0.119140625 0.08203125
0 0.0380859375 0.50048828125 0.076171875 0.1083984375
0 0.04296875 0.31982421875 0.0859375 0.1416015625
0 0.1005859375 0.05126953125 0.14453125 0.1025390625
0 0.6875 0.416015625 0.0859375 0.13671875
0 0.8408203125 0.57958984375 0.17578125 0.1201171875
0 0.46484375 0.41015625 0.076171875 0.126953125
0 0.13671875 0.1396484375 0.09765625 0.064453125
0 0.45947265625 0.5126953125 0.1123046875 0.201171875
0 0.353515625 0.7734375 0.080078125 0.134765625
0 0.7001953125 0.771484375 0.107421875 0.091796875
0 0.04443359375 0.71630859375 0.0888671875 0.0966796875
0 0.2724609375 0.048828125 0.12890625 0.095703125
0 0.53369140625 0.9306640625 0.1904296875 0.1328125
0 0.685546875 0.8427734375 0.12890625 0.083984375
0 0.55712890625 0.80322265625 0.0595703125 0.1455078125
0 0.921875 0.25146484375 0.0546875 0.0888671875
0 0.7490234375 0.67236328125 0.06640625 0.0830078125
0 0.61767578125 0.81103515625 0.0478515625 0.1416015625
0 0.90625 0.5029296875 0.16015625 0.19140625
0 0.34912109375 0.6708984375 0.1337890625 0.095703125
0 0.5712890625 0.5419921875 0.1328125 0.109375
0 0.32373046875 0.22900390625 0.2236328125 0.0869140625
0 0.220703125 0.7646484375 0.091796875 0.240234375
0 0.8017578125 0.28515625 0.083984375 0.072265625
0 0.8564453125 0.91259765625 0.11328125 0.1533203125
0 0.748046875 0.3662109375 0.068359375 0.09375
0 0.31982421875 0.9150390625 0.0849609375 0.166015625
0 0.1884765625 0.47998046875 0.16015625 0.0908203125
0 0.2919921875 0.51611328125 0.216796875 0.2041015625
0 0.6533203125 0.685546875 0.0859375 0.076171875
0 0.564453125 0.47265625 0.064453125 0.072265625
0 0.849609375 0.7548828125 0.166015625 0.08203125
0 0.68212890625 0.13427734375 0.1044921875 0.0751953125
