0 0.60546875 0.0419921875 0.091796875 0.083984375
0 0.38818359375 0.3134765625 0.0595703125 0.0546875
0 0.14697265625 0.48876953125 0.0830078125 0.0927734375
0 0.6318359375 0.14453125 0.083984375 0.107421875
0 0.7197265625 0.94873046875 0.076171875 0.0966796875
0 0.83349609375 0.96728515625 0.0908203125 0.0595703125
0 0.953125 0.3232421875 0.091796875 0.123046875
0 0.0537109375 0.40283203125 0.07421875 0.1181640625
0 0.435546875 0.80615234375 0.05859375 0.0908203125
0 0.828125 0.4794921875 0.06640625 0.0703125
0 0.35498046875 0.57080078125 0.0537109375 0.0869140625
0 0.25634765625 0.2861328125 0.0771484375 0.072265625
0 0.30029296875 0.2333984375 0.0771484375 0.072265625
0 0.765625 0.212890625 0.111328125 0.134765625
0 0.69384765625 0.3271484375 0.1337890625 0.072265625
0 0.39404296875 0.66357421875 0.0478515625 0.0517578125
0 0.509765625 0.96533203125 0.072265625 0.0595703125
0 0.79541015625 0.7392578125 0.0693359375 0.0546875
0 0.09423828125 0.0517578125 0.0693359375 0.103515625
0 0.22314453125 0.66552734375 0.0849609375 0.0986328125
0 0.4345703125 0.60791015625 0.064453125 0.0908203125
0 0.15771484375 0.724609375 0.0576171875 0.078125
0 0.0400390625 0.779296875 0.080078125 0.1015625
0 0.49365234375 0.1943359375 0.1123046875 0.09765625
0 0.62109375 0.91064453125 0.05078125 0.0693359375
0 0.92138671875 0.54638671875 0.1533203125 0.0654296875
0 0.33544921875 0.962890625 0.0478515625 0.046875
0 0.85595703125 0.18115234375 0.0615234375 0.0732421875
0 0.84912109375 0.39501953125 0.0771484375 0.1708984375
0 0.5380859375 0.82177734375 0.06640625 0.0634765625
0 0.39208984375 0.40380859375 0.0556640625 0.0830078125
0 0.97900390625 0.1416015625 0.0419921875 0.087890625
0 0.552734375 0.7578125 0.09375 0.119140625
