0 0.908203125 0.697265625 0.0703125 0.126953125
0 0.630859375 0.751953125 0.083984375 0.0703125
0 0.29736328125 0.6865234375 0.0869140625 0.05859375
0 0.76123046875 0.65673828125 0.0419921875 0.0791015625
0 0.435546875 0.7255859375 0.078125 0.10546875
0 0.48828125 0.38330078125 0.099609375 0.1767578125
0 0.58544921875 0.3203125 0.1083984375 0.11328125
0 0.7119140625 0.62060546875 0.0625 0.1162109375
0 0.27001953125 0.59228515625 0.0869140625 0.1123046875
0 0.79052734375 0.62158203125 0.0439453125 0.0654296875
0 0.03076171875 0.87451171875 0.0615234375 0.0947265625
0 0.81640625 0.60205078125 0.0546875 0.0712890625
0 0.57373046875 0.4384765625 0.0849609375 0.08984375
0 0.18505859375 0.28271484375 0.0537109375 0.0791015625
0 0.55810546875 0.044921875 0.0830078125 0.08984375
0 0.69189453125 0.14892578125 0.0556640625 0.0673828125
0 0.12890625 0.49951171875 0.123046875 0.0966796875
0 0.03125 0.0341796875 0.0625 0.052734375
0 0.3330078125 0.59326171875 0.07421875 0.0732421875
0 0.53515625 0.822265625 0.10546875 0.060546875
0 0.11767578125 0.83251953125 0.0439453125 0.0478515625
0 0.724609375 0.24169921875 0.1015625 0.0830078125
0 0.86669921875 0.638671875 0.0576171875 0.06640625
0 0.20947265625 0.79150390625 0.1513671875 0.1083984375
0 0.15966796875 0.634765625 0.0498046875 0.056640625
0 0.8408203125 0.43798828125 0.087890625 0.0732421875
0 0.4609375 0.82421875 0.1015625 0.04296875
0 0.43408203125 0.20361328125 0.0498046875 0.0478515625
0 0.26953125 0.3564453125 0.123046875 0.095703125
0 0.96630859375 0.51513671875 0.0634765625 0.1669921875
0 0.35693359375 0.49853515625 0.1474609375 0.0966796875
0 0.17138671875 0.5693359375 0.0654296875 0.048828125
