0 0.18310546875 0.64404296875 0.1103515625 0.1513671875
0 0.93359375 0.3984375 0.12890625 0.111328125
0 0.97412109375 0.93359375 0.0498046875 0.123046875
0 0.69091796875 0.9794921875 0.0751953125 0.037109375
0 0.32421875 0.92529296875 0.09375 0.1376953125
0 0.21728515625 0.74267578125 0.0947265625 0.1005859375
0 0.60107421875 0.8017578125 0.1201171875 0.095703125
0 0.89892578125 0.0966796875 0.1083984375 0.125
0 0.36279296875 0.466796875 0.1044921875 0.091796875
0 0.880859375 0.681640625 0.14453125 0.072265625
0 0.95166015625 0.59716796875 0.0947265625 0.1044921875
0 0.1025390625 0.9052734375 0.0703125 0.09375
0 0.60595703125 0.14794921875 0.1181640625 0.1142578125
0 0.8466796875 0.05517578125 0.111328125 0.1044921875
0 0.39794921875 0.31201171875 0.0927734375 0.0908203125
0 0.2431640625 0.04345703125 0.14453125 0.0869140625
0 0.373046875 0.82470703125 0.0859375 0.0732421875
0 0.71142578125 0.09033203125 0.1533203125 0.1767578125
0 0.2119140625 0.5458984375 0.072265625 0.1328125
0 0.51513671875 0.30224609375 0.1162109375 0.1337890625
0 0.02783203125 0.5380859375 0.0537109375 0.09375
0 0.4921875 0.48779296875 0.076171875 0.0791015625
0 0.8232421875 0.15234375 0.119140625 0.1328125
0 0.9814453125 0.2421875 0.03515625 0.126953125
0 0.666015625 0.20654296875 0.111328125 0.1025390625
0 0.2529296875 0.4609375 0.08984375 0.1484375
