0 0.0654296875 0.74951171875 0.130859375 0.1005859375
0 0.78662109375 0.84228515625 0.1025390625 0.1181640625
0 0.6708984375 0.5029296875 0.244140625 0.17578125
0 0.83642578125 0.548828125 0.2412109375 0.091796875
0 0.74462890625 0.02734375 0.1064453125 0.0546875
0 0.77880859375 0.109375 0.1123046875 0.076171875
0 0.48095703125 0.6181640625 0.0751953125 0.07421875
0 0.87109375 0.75634765625 0.06640625 0.0771484375
0 0.20703125 0.0322265625 0.126953125 0.064453125
0 0.14404296875 0.1162109375 0.2060546875 0.1640625
0 0.794921875 0.72509765625 0.078125 0.0927734375
0 0.3046875 0.30322265625 0.189453125 0.1943359375
0 0.04052734375 0.31298828125 0.0810546875 0.1787109375
0 0.12109375 0.56787109375 0.123046875 0.1435546875
0 0.4580078125 0.38623046875 0.12109375 0.1357421875
0 0.8671875 0.38623046875 0.115234375 0.0869140625
0 0.04443359375 0.87841796875 0.0888671875 0.0927734375
0 0.35400390625 0.91650390625 0.1572265625 0.1591796875
0 0.310546875 0.20068359375 0.08984375 0.0947265625
0 0.41015625 0.07421875 0.087890625 0.1484375
0 0.22900390625 0.78271484375 0.0908203125 0.0654296875
0 0.90625 0.27197265625 0.068359375 0.0966796875
0 0.95654296875 0.86767578125 0.0830078125 0.1220703125
0 0.94091796875 0.6064453125 0.1162109375 0.123046875
