0 0.82275390625 0.90673828125 0.0712890625 0.0673828125
0 0.19091796875 0.724609375 0.1181640625 0.138671875
0 0.95068359375 0.0419921875 0.0966796875 0.083984375
0 0.857421875 0.03076171875 0.078125 0.0615234375
0 0.703125 0.78466796875 0.119140625 0.1611328125
0 0.73583984375 0.033203125 0.0986328125 0.06640625
0 0.96533203125 0.96533203125 0.0693359375 0.0654296875
0 0.044921875 0.49169921875 0.08984375 0.0732421875
0 0.06640625 0.4208984375 0.1328125 0.09375
0 0.65625 0.43212890625 0.111328125 0.1806640625
0 0.92724609375 0.14990234375 0.0771484375 0.0849609375
0 0.6318359375 0.95947265625 0.125 0.0791015625
0 0.26220703125 0.39990234375 0.0830078125 0.1728515625
0 0.61376953125 0.607421875 0.1611328125 0.208984375
0 0.16357421875 0.65185546875 0.2685546875 0.1123046875
0 0.08154296875 0.94482421875 0.1123046875 0.0712890625
0 0.21923828125 0.546875 0.1728515625 0.09765625
0 0.85546875 0.337890625 0.099609375 0.10546875
0 0.275390625 0.919921875 0.09375 0.140625
0 0.72509765625 0.4326171875 0.0849609375 0.091796875
0 0.05078125 0.177734375 0.1015625 0.076171875
0 0.38818359375 0.25146484375 0.1181640625 0.1474609375
0 0.5517578125 0.03173828125 0.076171875 0.0634765625
0 0.822265625 0.1826171875 0.09375 0.09375
0 0.876953125 0.5869140625 0.1796875 0.099609375
0 0.20361328125 0.9228515625 0.1025390625 0.15234375
0 0.919921875 0.2373046875 0.158203125 0.09375
0 0.458984375 0.97509765625 0.119140625 0.0498046875
0 0.45458984375 0.484375 0.2041015625 0.17578125
0 0.3994140625 0.8095703125 0.146484375 0.095703125
0 0.041015625 0.857421875 0.08203125 0.11328125
0 0.74365234375 0.1484375 0.1064453125 0.107421875
0 0.82470703125 0.68310546875 0.1083984375 0.1552734375
