0 0.54833984375 0.90673828125 0.1201171875 0.0810546875
0 0.640625 0.060546875 0.08203125 0.072265625
0 0.51220703125 0.33056640625 0.0791015625 0.0947265625
0 0.77001953125 0.17431640625 0.0908203125 0.0810546875
0 0.16259765625 0.5771484375 0.0927734375 0.1171875
0 0.66650390625 0.82861328125 0.1435546875 0.1337890625
0 0.34375 0.0341796875 0.078125 0.068359375
0 0.294921875 0.625 0.154296875 0.107421875
0 0.75732421875 0.0810546875 0.1748046875 0.109375
0 0.86474609375 0.919921875 0.0849609375 0.115234375
0 0.015625 0.3935546875 0.03125 0.162109375
0 0.638671875 0.70458984375 0.08203125 0.0927734375
0 0.4013671875 0.78662109375 0.150390625 0.1025390625
0 0.9189453125 0.79736328125 0.16015625 0.1064453125
0 0.826171875 0.0615234375 0.2109375 0.1171875
0 0.74560546875 0.5380859375 0.1083984375 0.095703125
0 0.17138671875 0.76611328125 0.0849609375 0.1181640625
0 0.43701171875 0.3388671875 0.1123046875 0.08984375
0 0.44873046875 0.5234375 0.1181640625 0.09765625
0 0.24951171875 0.07421875 0.0888671875 0.119140625
0 0.58544921875 0.20556640625 0.0693359375 0.0849609375
0 0.56884765625 0.509765625 0.0810546875 0.083984375
0 0.224609375 0.95556640625 0.13671875 0.0869140625
0 0.09716796875 0.2587890625 0.1943359375 0.111328125
0 0.912109375 0.1689453125 0.146484375 0.107421875
0 0.28564453125 0.77490234375 0.1279296875 0.1298828125
0 0.7685546875 0.76611328125 0.09375 0.1533203125
0 0.71337890625 0.47265625 0.0927734375 0.087890625
