0 0.28857421875 0.30224609375 0.0771484375 0.0771484375
0 0.83984375 0.3564453125 0.08203125 0.087890625
0 0.0810546875 0.02099609375 0.078125 0.0419921875
0 0.802734375 0.90234375 0.12109375 0.134765625
0 0.7353515625 0.26416015625 0.07421875 0.0966796875
0 0.21337890625 0.51318359375 0.0732421875 0.0849609375
0 0.052734375 0.2353515625 0.091796875 0.087890625
0 0.369140625 0.44873046875 0.083984375 0.0830078125
0 0.73095703125 0.171875 0.0712890625 0.09375
0 0.52294921875 0.9833984375 0.0732421875 0.03125
0 0.94189453125 0.16748046875 0.1142578125 0.1044921875
0 0.96826171875 0.04052734375 0.0615234375 0.0791015625
0 0.654296875 0.8125 0.09375 0.083984375
0 0.94482421875 0.77099609375 0.0908203125 0.3037109375
0 0.6435546875 0.55126953125 0.111328125 0.1494140625
0 0.14453125 0.35986328125 0.078125 0.0732421875
0 0.73046875 0.8583984375 0.119140625 0.125
0 0.689453125 0.06787109375 0.072265625 0.1357421875
0 0.35205078125 0.84033203125 0.0927734375 0.0771484375
0 0.7939453125 0.111328125 0.115234375 0.099609375
0 0.13671875 0.9306640625 0.09765625 0.1171875
0 0.24755859375 0.13623046875 0.0537109375 0.0693359375
0 0.17626953125 0.55322265625 0.1103515625 0.0908203125
0 0.9755859375 0.40087890625 0.046875 0.0791015625
0 0.564453125 0.0322265625 0.083984375 0.0625
0 0.04248046875 0.119140625 0.0849609375 0.064453125
0 0.77978515625 0.18701171875 0.1044921875 0.1728515625
0 0.193359375 0.4169921875 0.0859375 0.095703125
0 0.30615234375 0.5615234375 0.1123046875 0.146484375
