0 0.248046875 0.537109375 0.076171875 0.08203125
0 0.9404296875 0.8046875 0.08984375 0.091796875
0 0.9453125 0.10791015625 0.109375 0.0615234375
0 0.744140625 0.208984375 0.107421875 0.169921875
0 0.80908203125 0.88671875 0.1123046875 0.115234375
0 0.2080078125 0.04296875 0.072265625 0.0859375
0 0.52001953125 0.08349609375 0.0810546875 0.0673828125
0 0.35546875 0.486328125 0.083984375 0.078125
0 0.91455078125 0.0390625 0.0751953125 0.078125
0 0.36376953125 0.9404296875 0.0771484375 0.076171875
0 0.64306640625 0.13232421875 0.1142578125 0.0908203125
0 0.84521484375 0.04833984375 0.0830078125 0.0712890625
0 0.82958984375 0.22412109375 0.1123046875 0.1103515625
0 0.1767578125 0.375 0.0625 0.072265625
0 0.6279296875 0.2080078125 0.115234375 0.11328125
0 0.05078125 0.81103515625 0.1015625 0.1005859375
0 0.0810546875 0.0791015625 0.076171875 0.158203125
0 0.5283203125 0.66455078125 0.08984375 0.0751953125
0 0.94970703125 0.88671875 0.0732421875 0.0703125
