0 0.17626953125 0.9228515625 0.1259765625 0.09375
0 0.2294921875 0.95166015625 0.12890625 0.0869140625
0 0.6484375 0.087890625 0.064453125 0.125
0 0.38037109375 0.0888671875 0.0712890625 0.0859375
0 0.6142578125 0.248046875 0.072265625 0.11328125
0 0.2705078125 0.1337890625 0.0546875 0.056640625
0 0.27490234375 0.06201171875 0.0849609375 0.1162109375
0 0.26416015625 0.68310546875 0.0712890625 0.1474609375
0 0.958984375 0.962890625 0.0703125 0.068359375
0 0.77099609375 0.95751953125 0.1220703125 0.0830078125
0 0.8125 0.53466796875 0.078125 0.1494140625
0 0.87646484375 0.95556640625 0.1240234375 0.0869140625
0 0.212890625 0.0927734375 0.05078125 0.0703125
0 0.603515625 0.2685546875 0.091796875 0.080078125
0 0.71728515625 0.83251953125 0.1044921875 0.1630859375
0 0.8134765625 0.07763671875 0.083984375 0.0927734375
0 0.53759765625 0.10009765625 0.1005859375 0.1767578125
0 0.7705078125 0.68115234375 0.0625 0.1083984375
0 0.56787109375 0.0322265625 0.0693359375 0.064453125
0 0.888671875 0.83447265625 0.19140625 0.1748046875
0 0.81640625 0.24609375 0.154296875 0.12890625
0 0.85009765625 0.62646484375 0.0908203125 0.0966796875
0 0.07958984375 0.0634765625 0.1376953125 0.126953125
0 0.1796875 0.02880859375 0.06640625 0.0576171875
0 0.630859375 0.80517578125 0.19140625 0.1044921875
0 0.04931640625 0.88916015625 0.0712890625 0.0986328125
0 0.24365234375 0.7158203125 0.1982421875 0.123046875
0 0.74951171875 0.234375 0.0908203125 0.080078125
0 0.10302734375 0.67724609375 0.0478515625 0.0439453125
0 0.5830078125 0.46435546875 0.1484375 0.0634765625
0 0.6044921875 0.06591796875 0.064453125 0.0615234375
