0 0.1494140625 0.0517578125 0.1328125 0.1015625
0 0.96923828125 0.47119140625 0.0615234375 0.0693359375
0 0.8544921875 0.58740234375 0.1015625 0.0908203125
0 0.0556640625 0.4228515625 0.091796875 0.15625
0 0.14794921875 0.95166015625 0.1142578125 0.0927734375
0 0.525390625 0.10791015625 0.0625 0.0712890625
0 0.03564453125 0.73046875 0.0712890625 0.2421875
0 0.4541015625 0.4560546875 0.119140625 0.16015625
0 0.6728515625 0.587890625 0.12890625 0.126953125
0 0.537109375 0.70947265625 0.083984375 0.0908203125
0 0.541015625 0.2158203125 0.103515625 0.138671875
0 0.6748046875 0.107421875 0.1015625 0.189453125
0 0.7275390625 0.744140625 0.212890625 0.1640625
0 0.1767578125 0.767578125 0.216796875 0.1640625
0 0.25732421875 0.193359375 0.1181640625 0.162109375
0 0.93359375 0.33154296875 0.130859375 0.1123046875
0 0.3447265625 0.1171875 0.123046875 0.08203125
0 0.82958984375 0.37646484375 0.2177734375 0.1376953125
0 0.25537109375 0.6142578125 0.1455078125 0.171875
0 0.63623046875 0.39794921875 0.1845703125 0.1494140625
