0 0.66943359375 0.10888671875 0.1494140625 0.0771484375
0 0.0205078125 0.2998046875 0.041015625 0.1015625
0 0.5302734375 0.9306640625 0.064453125 0.087890625
0 0.75146484375 0.96142578125 0.0986328125 0.0732421875
0 0.92822265625 0.9580078125 0.1025390625 0.08203125
0 0.92333984375 0.06494140625 0.0830078125 0.1181640625
0 0.638671875 0.74462890625 0.111328125 0.0732421875
0 0.62353515625 0.42041015625 0.0986328125 0.0732421875
0 0.888671875 0.66552734375 0.11328125 0.1279296875
0 0.693359375 0.6298828125 0.083984375 0.080078125
0 0.80712890625 0.10546875 0.1103515625 0.083984375
0 0.41943359375 0.91162109375 0.0771484375 0.0712890625
0 0.44384765625 0.80126953125 0.1298828125 0.1318359375
0 0.63134765625 0.91015625 0.0966796875 0.10546875
0 0.8466796875 0.17431640625 0.046875 0.0810546875
0 0.3701171875 0.81201171875 0.1953125 0.1220703125
0 0.197265625 0.74853515625 0.0703125 0.1337890625
0 0.2177734375 0.30810546875 0.05859375 0.1142578125
0 0.56640625 0.81982421875 0.068359375 0.0654296875
0 0.7734375 0.27880859375 0.078125 0.0654296875
0 0.9736328125 0.3720703125 0.052734375 0.0703125
