0 0.056640625 0.474609375 0.09375 0.09375
0 0.71435546875 0.42578125 0.0986328125 0.2109375
0 0.25390625 0.96484375 0.1171875 0.068359375
0 0.05029296875 0.85205078125 0.1005859375 0.0654296875
0 0.04833984375 0.9384765625 0.0966796875 0.080078125
0 0.75244140625 0.896484375 0.1103515625 0.15234375
0 0.1162109375 0.08642578125 0.197265625 0.1689453125
0 0.962890625 0.37841796875 0.072265625 0.1611328125
0 0.9423828125 0.94677734375 0.11328125 0.1025390625
0 0.1455078125 0.51806640625 0.0625 0.0888671875
0 0.18408203125 0.61279296875 0.0927734375 0.1455078125
0 0.2939453125 0.49365234375 0.08984375 0.1123046875
0 0.6875 0.982421875 0.068359375 0.03515625
0 0.40966796875 0.45361328125 0.0791015625 0.1181640625
0 0.25 0.6904296875 0.08984375 0.0703125
0 0.04736328125 0.23046875 0.0947265625 0.17578125
0 0.58837890625 0.87451171875 0.0634765625 0.1240234375
0 0.37353515625 0.8994140625 0.1005859375 0.126953125
0 0.54443359375 0.89306640625 0.1376953125 0.2138671875
0 0.95458984375 0.0888671875 0.0888671875 0.177734375
0 0.1943359375 0.9384765625 0.091796875 0.080078125
0 0.06005859375 0.06787109375 0.1201171875 0.1337890625
0 0.3642578125 0.9677734375 0.08203125 0.064453125
0 0.08349609375 0.2626953125 0.1669921875 0.1328125
0 0.9345703125 0.7734375 0.09375 0.162109375
0 0.27783203125 0.06787109375 0.1083984375 0.1357421875
