0 0.69873046875 0.65283203125 0.0849609375 0.1318359375
0 0.58056640625 0.216796875 0.0830078125 0.056640625
0 0.0166015625 0.08447265625 0.033203125 0.1298828125
0 0.048828125 0.84423828125 0.09765625 0.0888671875
0 0.61376953125 0.10888671875 0.0791015625 0.0888671875
0 0.89794921875 0.5439453125 0.0771484375 0.1171875
0 0.61767578125 0.71337890625 0.1083984375 0.0966796875
0 0.673828125 0.93896484375 0.107421875 0.0927734375
0 0.7724609375 0.37158203125 0.134765625 0.1162109375
0 0.92529296875 0.06201171875 0.0751953125 0.0986328125
0 0.5380859375 0.58837890625 0.05859375 0.1005859375
0 0.69189453125 0.4248046875 0.0849609375 0.087890625
0 0.71142578125 0.921875 0.0849609375 0.15234375
0 0.27978515625 0.16552734375 0.1083984375 0.0986328125
0 0.2919921875 0.47998046875 0.138671875 0.0791015625
0 0.9345703125 0.603515625 0.0859375 0.103515625
0 0.28076171875 0.943359375 0.0771484375 0.109375
0 0.03466796875 0.34228515625 0.0615234375 0.1357421875
0 0.92626953125 0.9541015625 0.1455078125 0.07421875
0 0.19189453125 0.583984375 0.0693359375 0.12890625
0 0.85986328125 0.28173828125 0.1474609375 0.1201171875
0 0.392578125 0.18701171875 0.107421875 0.0810546875
0 0.5703125 0.43212890625 0.0859375 0.1298828125
0 0.14697265625 0.39501953125 0.1376953125 0.1025390625
0 0.97265625 0.55908203125 0.052734375 0.1494140625
0 0.462890625 0.236328125 0.1171875 0.08203125
0 0.67822265625 0.52099609375 0.0927734375 0.0478515625
0 0.33154296875 0.23583984375 0.0791015625 0.1240234375
0 0.638671875 0.49267578125 0.08203125 0.1435546875
0 0.08935546875 0.2978515625 0.0595703125 0.095703125
0 0.38671875 0.046875 0.076171875 0.091796875
0 0.8994140625 0.75634765625 0.076171875 0.1181640625
0 0.84326171875 0.85888671875 0.1123046875 0.1240234375
0 0.2119140625 0.84521484375 0.064453125 0.0986328125
