0 0.98828125 0.5703125 0.0234375 0.109375
0 0.49951171875 0.1103515625 0.1298828125 0.0625
0 0.9150390625 0.21142578125 0.07421875 0.0673828125
0 0.73681640625 0.39599609375 0.0869140625 0.0458984375
0 0.86767578125 0.9375 0.1123046875 0.12109375
0 0.71875 0.484375 0.15625 0.1015625
0 0.8486328125 0.5400390625 0.08203125 0.078125
0 0.25244140625 0.70166015625 0.0595703125 0.0849609375
0 0.69482421875 0.3916015625 0.0087890625 0.021484375
0 0.7158203125 0.09814453125 0.1328125 0.1787109375
0 0.74658203125 0.31005859375 0.0966796875 0.1591796875
0 0.2109375 0.77197265625 0.07421875 0.1865234375
0 0.63525390625 0.79833984375 0.1103515625 0.1181640625
0 0.04736328125 0.88720703125 0.0947265625 0.0673828125
0 0.40576171875 0.84765625 0.0908203125 0.1484375
0 0.35498046875 0.27587890625 0.1005859375 0.0791015625
0 0.47412109375 0.16064453125 0.1298828125 0.0986328125
0 0.08203125 0.6728515625 0.07421875 0.072265625
0 0.12060546875 0.09521484375 0.1611328125 0.1826171875
0 0.66357421875 0.62841796875 0.0849609375 0.0654296875
0 0.53173828125 0.89599609375 0.0810546875 0.1064453125
0 0.0693359375 0.9111328125 0.138671875 0.138671875
0 0.52490234375 0.54345703125 0.1044921875 0.1220703125
0 0.935546875 0.59130859375 0.072265625 0.1181640625
