0 0.2294921875 0.04052734375 0.125 0.0751953125
0 0.77734375 0.14306640625 0.068359375 0.1044921875
0 0.81494140625 0.68994140625 0.0654296875 0.0888671875
0 0.39013671875 0.42529296875 0.0751953125 0.0927734375
0 0.19482421875 0.17626953125 0.0673828125 0.0927734375
0 0.83154296875 0.30419921875 0.0791015625 0.1064453125
0 0.029296875 0.78857421875 0.05859375 0.0947265625
0 0.119140625 0.490234375 0.07421875 0.08203125
0 0.49658203125 0.12353515625 0.0830078125 0.1142578125
0 0.06640625 0.4501953125 0.060546875 0.060546875
0 0.76806640625 0.7568359375 0.0830078125 0.1328125
0 0.91259765625 0.21435546875 0.0830078125 0.1220703125
0 0.0703125 0.03076171875 0.095703125 0.0615234375
0 0.76953125 0.0478515625 0.109375 0.078125
0 0.33544921875 0.4453125 0.0654296875 0.0625
0 0.08642578125 0.28857421875 0.0830078125 0.0869140625
0 0.3623046875 0.958984375 0.115234375 0.080078125
0 0.8896484375 0.79345703125 0.140625 0.0849609375
0 0.0673828125 0.95947265625 0.115234375 0.0732421875
0 0.8349609375 0.419921875 0.09375 0.087890625
0 0.59716796875 0.8505859375 0.1025390625 0.076171875
0 0.6181640625 0.501953125 0.09765625 0.087890625
0 0.51416015625 0.96875 0.1005859375 0.060546875
0 0.27197265625 0.49365234375 0.0888671875 0.0634765625
0 0.146484375 0.68359375 0.12890625 0.12890625
0 0.1181640625 0.16845703125 0.076171875 0.1064453125
0 0.20654296875 0.537109375 0.0908203125 0.10546875
0 0.43798828125 0.31982421875 0.1533203125 0.0830078125
0 0.34765625 0.1123046875 0.146484375 0.125
