0 0.07470703125 0.6875 0.0849609375 0.138671875
0 0.9013671875 0.0400390625 0.060546875 0.080078125
0 0.24658203125 0.82568359375 0.0634765625 0.1064453125
0 0.93994140625 0.3994140625 0.0537109375 0.169921875
0 0.537109375 0.58203125 0.07421875 0.0703125
0 0.935546875 0.2138671875 0.09375 0.091796875
0 0.83642578125 0.75146484375 0.0986328125 0.0712890625
0 0.83447265625 0.0751953125 0.0751953125 0.09765625
0 0.087890625 0.88623046875 0.04296875 0.0771484375
0 0.45703125 0.67333984375 0.12109375 0.0888671875
0 0.69775390625 0.62353515625 0.1044921875 0.1220703125
0 0.7421875 0.41748046875 0.12890625 0.0986328125
0 0.9677734375 0.904296875 0.064453125 0.0625
0 0.9169921875 0.8232421875 0.095703125 0.0625
0 0.57958984375 0.18896484375 0.0732421875 0.1025390625
0 0.73583984375 0.96044921875 0.0576171875 0.0634765625
0 0.90869140625 0.962890625 0.0869140625 0.06640625
0 0.1865234375 0.11865234375 0.095703125 0.0693359375
0 0.322265625 0.474609375 0.091796875 0.0703125
0 0.03955078125 0.84130859375 0.0791015625 0.1181640625
0 0.12646484375 0.3828125 0.1591796875 0.14453125
0 0.95947265625 0.6103515625 0.0791015625 0.072265625
0 0.47412109375 0.0302734375 0.0849609375 0.05859375
0 0.42041015625 0.11865234375 0.1005859375 0.1279296875
0 0.68359375 0.27734375 0.087890625 0.095703125
0 0.49853515625 0.2021484375 0.1259765625 0.17578125
0 0.13134765625 0.83447265625 0.0576171875 0.0654296875
0 0.82080078125 0.890625 0.1025390625 0.080078125
0 0.54150390625 0.77783203125 0.0693359375 0.0947265625
0 0.98291015625 0.32275390625 0.0341796875 0.0673828125
0 0.26611328125 0.16259765625 0.1064453125 0.0888671875
0 0.4150390625 0.54833984375 0.078125 0.0478515625
0 0.34423828125 0.6064453125 0.0791015625 0.099609375
0 0.26611328125 0.64990234375 0.0771484375 0.0986328125
