0 0.6083984375 0.46533203125 0.048828125 0.0419921875
0 0.19580078125 0.376953125 0.1162109375 0.080078125
0 0.16259765625 0.52197265625 0.0693359375 0.0869140625
0 0.11474609375 0.93701171875 0.0908203125 0.0986328125
0 0.48876953125 0.86181640625 0.0966796875 0.1279296875
0 0.88671875 0.74365234375 0.087890625 0.0869140625
0 0.0166015625 0.13037109375 0.033203125 0.0595703125
0 0.681640625 0.9453125 0.1015625 0.0859375
0 0.07666015625 0.21484375 0.0634765625 0.076171875
0 0.779296875 0.16162109375 0.08984375 0.0732421875
0 0.90478515625 0.82666015625 0.0830078125 0.0556640625
0 0.63623046875 0.548828125 0.0771484375 0.072265625
0 0.53955078125 0.666015625 0.0908203125 0.091796875
0 0.8935546875 0.3857421875 0.07421875 0.076171875
0 0.97314453125 0.46875 0.0517578125 0.0625
0 0.1416015625 0.1025390625 0.134765625 0.08984375
0 0.6171875 0.2490234375 0.0625 0.068359375
0 0.74609375 0.44677734375 0.078125 0.0849609375
0 0.8134765625 0.8271484375 0.0859375 0.06640625
0 0.267578125 0.93896484375 0.083984375 0.1201171875
0 0.87158203125 0.6435546875 0.0673828125 0.068359375
0 0.78125 0.21728515625 0.1171875 0.0595703125
0 0.49755859375 0.58251953125 0.0966796875 0.0849609375
