0 0.4306640625 0.8876953125 0.072265625 0.095703125
0 0.16650390625 0.501953125 0.0771484375 0.10546875
0 0.23486328125 0.67578125 0.0712890625 0.099609375
0 0.94921875 0.900390625 0.099609375 0.1953125
0 0.29443359375 0.4111328125 0.1005859375 0.1171875
0 0.142578125 0.5986328125 0.115234375 0.06640625
0 0.970703125 0.19384765625 0.05859375 0.1044921875
0 0.22802734375 0.763671875 0.0771484375 0.109375
0 0.43505859375 0.32958984375 0.1142578125 0.1123046875
0 0.3544921875 0.65234375 0.12890625 0.09765625
0 0.10888671875 0.64990234375 0.0947265625 0.1357421875
0 0.1865234375 0.33642578125 0.0859375 0.0966796875
0 0.91259765625 0.53369140625 0.1728515625 0.0576171875
0 0.15625 0.1806640625 0.130859375 0.091796875
0 0.388671875 0.22021484375 0.080078125 0.1220703125
0 0.2880859375 0.17724609375 0.080078125 0.1142578125
0 0.84130859375 0.91015625 0.1220703125 0.177734375
0 0.0498046875 0.04931640625 0.099609375 0.0732421875
0 0.6845703125 0.6708984375 0.07421875 0.099609375
0 0.67431640625 0.77587890625 0.0888671875 0.1787109375
0 0.81103515625 0.8115234375 0.0751953125 0.099609375
0 0.36572265625 0.1064453125 0.0888671875 0.087890625
0 0.6748046875 0.94580078125 0.10546875 0.1083984375
0 0.26220703125 0.3173828125 0.0908203125 0.087890625
0 0.607421875 0.46826171875 0.087890625 0.1005859375
