0 0.9150390625 0.05810546875 0.046875 0.0771484375
0 0.302734375 0.2353515625 0.083984375 0.125
0 0.59521484375 0.63623046875 0.1357421875 0.0693359375
0 0.6494140625 0.40771484375 0.06640625 0.0908203125
0 0.59130859375 0.552734375 0.0712890625 0.064453125
0 0.33837890625 0.38037109375 0.0947265625 0.1318359375
0 0.2939453125 0.1494140625 0.083984375 0.197265625
0 0.02587890625 0.91455078125 0.0517578125 0.0458984375
0 0.130859375 0.71630859375 0.076171875 0.0537109375
0 0.09375 0.17529296875 0.083984375 0.1005859375
0 0.03857421875 0.38623046875 0.0771484375 0.0947265625
0 0.74951171875 0.0986328125 0.0517578125 0.1328125
0 0.77001953125 0.32861328125 0.0537109375 0.0595703125
0 0.61376953125 0.09521484375 0.1611328125 0.1103515625
0 0.63037109375 0.333984375 0.0830078125 0.07421875
0 0.921875 0.7412109375 0.15625 0.130859375
0 0.2177734375 0.7861328125 0.091796875 0.087890625
0 0.78125 0.23876953125 0.158203125 0.1181640625
0 0.72998046875 0.802734375 0.0673828125 0.083984375
0 0.767578125 0.5419921875 0.08203125 0.099609375
0 0.69580078125 0.61279296875 0.0830078125 0.0888671875
0 0.71337890625 0.03369140625 0.0458984375 0.0673828125
0 0.900390625 0.89599609375 0.1953125 0.1318359375
0 0.46240234375 0.2705078125 0.1123046875 0.158203125
0 0.20947265625 0.3935546875 0.0927734375 0.09375
0 0.41064453125 0.9501953125 0.1494140625 0.099609375
0 0.13623046875 0.91357421875 0.1708984375 0.1357421875
0 0.7783203125 0.42822265625 0.083984375 0.0908203125
0 0.88623046875 0.05322265625 0.0810546875 0.1064453125
