0 0.7119140625 0.95458984375 0.126953125 0.0908203125
0 0.88671875 0.314453125 0.0703125 0.076171875
0 0.9462890625 0.06787109375 0.10546875 0.1357421875
0 0.5263671875 0.0546875 0.11328125 0.09375
0 0.4853515625 0.42822265625 0.072265625 0.0732421875
0 0.0810546875 0.84228515625 0.0859375 0.1083984375
0 0.3037109375 0.5546875 0.0546875 0.072265625
0 0.89404296875 0.08251953125 0.0810546875 0.0673828125
0 0.080078125 0.2509765625 0.060546875 0.060546875
0 0.3818359375 0.6494140625 0.23046875 0.1484375
0 0.81298828125 0.21435546875 0.1162109375 0.0634765625
0 0.44189453125 0.8447265625 0.0595703125 0.080078125
0 0.2431640625 0.77392578125 0.119140625 0.2021484375
0 0.783203125 0.0634765625 0.1015625 0.09765625
0 0.54736328125 0.36962890625 0.0634765625 0.0712890625
0 0.26318359375 0.04931640625 0.0673828125 0.0986328125
0 0.6259765625 0.07177734375 0.115234375 0.0595703125
0 0.2939453125 0.9423828125 0.123046875 0.11328125
0 0.30859375 0.9052734375 0.134765625 0.080078125
0 0.48046875 0.34619140625 0.068359375 0.0595703125
0 0.97119140625 0.54052734375 0.0576171875 0.0654296875
0 0.22314453125 0.5517578125 0.0595703125 0.11328125
0 0.1611328125 0.607421875 0.072265625 0.0546875
0 0.486328125 0.10205078125 0.048828125 0.0439453125
0 0.33251953125 0.0693359375 0.0771484375 0.13671875
0 0.1181640625 0.0615234375 0.1015625 0.12109375
0 0.03076171875 0.4814453125 0.0615234375 0.095703125
0 0.2099609375 0.47216796875 0.1015625 0.1845703125
