0 0.82275390625 0.044921875 0.0712890625 0.064453125
0 0.20947265625 0.29052734375 0.0732421875 0.0888671875
0 0.60302734375 0.0625 0.1142578125 0.115234375
0 0.20654296875 0.41455078125 0.1357421875 0.0830078125
0 0.07470703125 0.1728515625 0.1494140625 0.072265625
0 0.29931640625 0.2822265625 0.0576171875 0.056640625
0 0.33544921875 0.37255859375 0.1884765625 0.1142578125
0 0.98095703125 0.17138671875 0.0380859375 0.0986328125
0 0.55615234375 0.79443359375 0.1572265625 0.0693359375
0 0.59228515625 0.9404296875 0.1435546875 0.1171875
0 0.06787109375 0.02392578125 0.0556640625 0.0478515625
0 0.38916015625 0.0693359375 0.1728515625 0.138671875
0 0.58251953125 0.3369140625 0.1201171875 0.158203125
0 0.9345703125 0.044921875 0.130859375 0.0859375
0 0.7578125 0.603515625 0.181640625 0.134765625
0 0.42333984375 0.44287109375 0.2216796875 0.0830078125
0 0.7099609375 0.94921875 0.10546875 0.09765625
0 0.224609375 0.982421875 0.099609375 0.03515625
0 0.23388671875 0.62255859375 0.1962890625 0.1669921875
