0 0.595703125 0.7177734375 0.103515625 0.111328125
0 0.74169921875 0.0322265625 0.0927734375 0.0625
0 0.80712890625 0.0341796875 0.0712890625 0.068359375
0 0.6923828125 0.35546875 0.056640625 0.0625
0 0.42138671875 0.15478515625 0.0673828125 0.0732421875
0 0.078125 0.82763671875 0.111328125 0.0888671875
0 0.43212890625 0.38720703125 0.0888671875 0.2236328125
0 0.03125 0.46337890625 0.0625 0.1083984375
0 0.04443359375 0.3583984375 0.0888671875 0.119140625
0 0.94775390625 0.8359375 0.1025390625 0.07421875
0 0.9609375 0.70361328125 0.076171875 0.0908203125
0 0.44775390625 0.8876953125 0.0693359375 0.080078125
0 0.4375 0.720703125 0.130859375 0.150390625
0 0.6357421875 0.83984375 0.083984375 0.099609375
0 0.03955078125 0.04931640625 0.0791015625 0.0927734375
0 0.17041015625 0.6904296875 0.1787109375 0.080078125
0 0.47509765625 0.109375 0.0849609375 0.115234375
0 0.9072265625 0.91943359375 0.119140625 0.0908203125
