0 0.68701171875 0.72900390625 0.0966796875 0.0947265625
0 0.3232421875 0.3671875 0.173828125 0.0859375
0 0.78369140625 0.4775390625 0.0791015625 0.201171875
0 0.81103515625 0.6044921875 0.0908203125 0.16015625
0 0.88525390625 0.60205078125 0.2275390625 0.1103515625
0 0.869140625 0.8408203125 0.154296875 0.17578125
0 0.484375 0.939453125 0.076171875 0.1171875
0 0.4921875 0.3056640625 0.080078125 0.111328125
0 0.712890625 0.16650390625 0.103515625 0.0927734375
0 0.6005859375 0.67822265625 0.08203125 0.1533203125
0 0.73486328125 0.49365234375 0.1181640625 0.0986328125
0 0.07763671875 0.96484375 0.1552734375 0.0625
0 0.54248046875 0.2041015625 0.0732421875 0.087890625
0 0.64208984375 0.353515625 0.0751953125 0.15234375
0 0.04443359375 0.65283203125 0.0888671875 0.1025390625
0 0.77294921875 0.09130859375 0.0791015625 0.0869140625
0 0.10400390625 0.13134765625 0.0947265625 0.1787109375
0 0.9423828125 0.533203125 0.11328125 0.267578125
0 0.1640625 0.82421875 0.083984375 0.134765625
0 0.3623046875 0.0888671875 0.13671875 0.123046875
0 0.24169921875 0.2421875 0.0869140625 0.1640625
0 0.93310546875 0.75048828125 0.0771484375 0.1005859375
0 0.14697265625 0.05810546875 0.2431640625 0.1103515625
0 0.17578125 0.51611328125 0.169921875 0.0810546875
