0 0.6318359375 0.9111328125 0.09765625 0.0546875
0 0.640625 0.134765625 0.12890625 0.146484375
0 0.39208984375 0.9013671875 0.1396484375 0.06640625
0 0.12841796875 0.29736328125 0.1123046875 0.1650390625
0 0.3857421875 0.24755859375 0.09375 0.1376953125
0 0.30810546875 0.15234375 0.1220703125 0.1171875
0 0.84619140625 0.2353515625 0.1298828125 0.16015625
0 0.41455078125 0.72216796875 0.1279296875 0.1064453125
0 0.77099609375 0.86376953125 0.0693359375 0.0576171875
0 0.46923828125 0.42626953125 0.0986328125 0.0302734375
0 0.0244140625 0.189453125 0.048828125 0.078125
0 0.25244140625 0.8330078125 0.1708984375 0.08984375
0 0.89794921875 0.06005859375 0.2021484375 0.1201171875
0 0.31689453125 0.5244140625 0.1298828125 0.166015625
0 0.1630859375 0.77685546875 0.18359375 0.0888671875
0 0.89013671875 0.31787109375 0.1044921875 0.1083984375
0 0.37890625 0.4990234375 0.158203125 0.169921875
0 0.3017578125 0.0537109375 0.158203125 0.107421875
0 0.7080078125 0.09033203125 0.171875 0.1806640625
0 0.63623046875 0.7861328125 0.1162109375 0.15234375
0 0.16015625 0.1728515625 0.09765625 0.138671875
0 0.931640625 0.71533203125 0.134765625 0.2607421875
0 0.68359375 0.3408203125 0.158203125 0.099609375
0 0.08642578125 0.55810546875 0.0849609375 0.0927734375
0 0.609375 0.37109375 0.103515625 0.087890625
0 0.5234375 0.9326171875 0.08203125 0.130859375
0 0.23388671875 0.9169921875 0.3154296875 0.1640625
0 0.28271484375 0.939453125 0.1162109375 0.119140625
