0 0.22509765625 0.4755859375 0.1162109375 0.1015625
0 0.28466796875 0.74609375 0.0927734375 0.13671875
0 0.06201171875 0.52587890625 0.1240234375 0.0869140625
0 0.15625 0.98583984375 0.111328125 0.0283203125
0 0.1630859375 0.53515625 0.181640625 0.107421875
0 0.65234375 0.68310546875 0.126953125 0.1865234375
0 0.96240234375 0.64599609375 0.0712890625 0.1220703125
0 0.02001953125 0.3330078125 0.0400390625 0.1171875
0 0.1455078125 0.03369140625 0.0703125 0.0673828125
0 0.6845703125 0.06103515625 0.140625 0.1064453125
0 0.0322265625 0.91015625 0.064453125 0.091796875
0 0.833984375 0.88525390625 0.08203125 0.0849609375
0 0.966796875 0.05615234375 0.06640625 0.0791015625
0 0.94873046875 0.96630859375 0.1005859375 0.0654296875
0 0.625 0.97900390625 0.08203125 0.0419921875
0 0.34912109375 0.29345703125 0.1669921875 0.1044921875
0 0.1494140625 0.2685546875 0.169921875 0.150390625
0 0.01611328125 0.751953125 0.0322265625 0.07421875
0 0.2958984375 0.02099609375 0.134765625 0.0400390625
0 0.560546875 0.802734375 0.119140625 0.08984375
0 0.75390625 0.73681640625 0.0859375 0.2060546875
0 0.92333984375 0.54736328125 0.1494140625 0.1279296875
0 0.45751953125 0.82421875 0.1044921875 0.095703125
