0 0.58203125 0.9375 0.12890625 0.099609375
0 0.04248046875 0.81005859375 0.0849609375 0.0654296875
0 0.796875 0.26953125 0.109375 0.107421875
0 0.91455078125 0.310546875 0.1005859375 0.162109375
0 0.349609375 0.9716796875 0.138671875 0.052734375
0 0.09912109375 0.35107421875 0.1845703125 0.1728515625
0 0.59619140625 0.20654296875 0.0810546875 0.1259765625
0 0.642578125 0.10693359375 0.111328125 0.0986328125
0 0.16650390625 0.7373046875 0.1123046875 0.130859375
0 0.76220703125 0.77587890625 0.0791015625 0.1083984375
0 0.08642578125 0.73583984375 0.1064453125 0.0732421875
0 0.71533203125 0.84619140625 0.0673828125 0.1591796875
0 0.68896484375 0.77001953125 0.0341796875 0.0947265625
0 0.80224609375 0.8916015625 0.0771484375 0.171875
0 0.89013671875 0.611328125 0.0732421875 0.150390625
0 0.45166015625 0.6083984375 0.0810546875 0.072265625
0 0.14013671875 0.4697265625 0.1201171875 0.13671875
0 0.806640625 0.693359375 0.103515625 0.091796875
