0 0.03173828125 0.458984375 0.0634765625 0.134765625
0 0.96923828125 0.7705078125 0.0615234375 0.08203125
0 0.71728515625 0.5625 0.2177734375 0.08984375
0 0.29150390625 0.078125 0.1416015625 0.154296875
0 0.06201171875 0.84765625 0.1240234375 0.109375
0 0.8720703125 0.08837890625 0.162109375 0.0712890625
0 0.83154296875 0.953125 0.1533203125 0.08984375
0 0.4580078125 0.10888671875 0.068359375 0.1123046875
0 0.93798828125 0.89794921875 0.0498046875 0.0478515625
0 0.89990234375 0.92236328125 0.0849609375 0.0966796875
0 0.69091796875 0.75244140625 0.1240234375 0.2294921875
0 0.74658203125 0.12109375 0.0751953125 0.1171875
0 0.9638671875 0.55419921875 0.068359375 0.0927734375
0 0.4873046875 0.5263671875 0.107421875 0.2265625
0 0.0703125 0.74560546875 0.072265625 0.1376953125
0 0.078125 0.61083984375 0.08203125 0.0869140625
0 0.3701171875 0.736328125 0.052734375 0.072265625
0 0.30859375 0.64990234375 0.18359375 0.1142578125
0 0.27587890625 0.8955078125 0.0595703125 0.130859375
0 0.1708984375 0.0283203125 0.12109375 0.056640625
0 0.796875 0.4609375 0.142578125 0.109375
0 0.48583984375 0.2314453125 0.0908203125 0.076171875
0 0.13916015625 0.91064453125 0.1005859375 0.0771484375
0 0.92822265625 0.23486328125 0.0810546875 0.1298828125
0 0.16455078125 0.4677734375 0.1669921875 0.146484375
0 0.921875 0.42724609375 0.09765625 0.1279296875
0 0.1884765625 0.27734375 0.103515625 0.140625
0 0.748046875 0.03759765625 0.068359375 0.0693359375
0 0.5048828125 0.58056640625 0.1328125 0.1220703125
0 0.18994140625 0.3427734375 0.1611328125 0.0625
0 0.9052734375 0.6298828125 0.130859375 0.1484375
0 0.828125 0.1728515625 0.06640625 0.0859375
0 0.0390625 0.11083984375 0.078125 0.1103515625
0 0.189453125 0.64892578125 0.119140625 0.0791015625
0 0.53759765625 0.357421875 0.1181640625 0.22265625
0 0.60595703125 0.69140625 0.0615234375 0.095703125
0 0.47021484375 0.01806640625 0.1064453125 0.0361328125
0 0.04150390625 0.3046875 0.0830078125 0.0625
0 0.318359375 0.5244140625 0.232421875 0.130859375
