0 0.0244140625 0.6201171875 0.048828125 0.103515625
0 0.9658203125 0.84765625 0.06640625 0.078125
0 0.73193359375 0.19677734375 0.0869140625 0.1240234375
0 0.2578125 0.74755859375 0.173828125 0.0810546875
0 0.55908203125 0.8935546875 0.1533203125 0.103515625
0 0.916015625 0.61328125 0.08984375 0.109375
0 0.6953125 0.03759765625 0.134765625 0.0732421875
0 0.7041015625 0.7578125 0.1015625 0.080078125
0 0.40283203125 0.712890625 0.0927734375 0.087890625
0 0.2587890625 0.4833984375 0.08984375 0.099609375
0 0.13623046875 0.9052734375 0.1376953125 0.06640625
0 0.8349609375 0.93994140625 0.09375 0.1142578125
0 0.1474609375 0.07666015625 0.19140625 0.1162109375
0 0.1328125 0.70263671875 0.15625 0.0986328125
0 0.51318359375 0.4951171875 0.1201171875 0.119140625
0 0.11669921875 0.5693359375 0.1572265625 0.0703125
0 0.10986328125 0.96044921875 0.0947265625 0.0517578125
0 0.556640625 0.69775390625 0.08984375 0.1279296875
0 0.37255859375 0.94580078125 0.0732421875 0.1044921875
0 0.97607421875 0.1494140625 0.0458984375 0.078125
0 0.30859375 0.52880859375 0.09375 0.0869140625
