0 0.291015625 0.63427734375 0.068359375 0.1201171875
0 0.9697265625 0.1337890625 0.056640625 0.083984375
0 0.02392578125 0.54052734375 0.0478515625 0.0654296875
0 0.44091796875 0.8037109375 0.0810546875 0.087890625
0 0.146484375 0.3955078125 0.08203125 0.0859375
0 0.8056640625 0.69091796875 0.078125 0.0693359375
0 0.947265625 0.77001953125 0.1015625 0.0615234375
0 0.6640625 0.14892578125 0.078125 0.1103515625
0 0.71435546875 0.7314453125 0.0849609375 0.060546875
0 0.17529296875 0.23583984375 0.0908203125 0.0927734375
0 0.5048828125 0.478515625 0.11328125 0.111328125
0 0.92138671875 0.9404296875 0.0966796875 0.115234375
0 0.19189453125 0.52587890625 0.0888671875 0.0927734375
0 0.57861328125 0.26416015625 0.0927734375 0.1357421875
0 0.8095703125 0.8896484375 0.064453125 0.0625
0 0.4658203125 0.35595703125 0.1015625 0.1279296875
0 0.65673828125 0.82861328125 0.1533203125 0.0947265625
0 0.1884765625 0.92626953125 0.078125 0.1416015625
0 0.587890625 0.58544921875 0.060546875 0.0400390625
0 0.2734375 0.34716796875 0.0859375 0.0771484375
0 0.865234375 0.6201171875 0.09375 0.107421875
0 0.69482421875 0.24658203125 0.1240234375 0.0830078125
0 0.56494140625 0.1357421875 0.0966796875 0.087890625
0 0.61572265625 0.69482421875 0.0439453125 0.0380859375
0 0.54345703125 0.78173828125 0.0830078125 0.0947265625
0 0.810546875 0.48779296875 0.107421875 0.0732421875
