0 0.0400390625 0.73095703125 0.080078125 0.1591796875
0 0.63330078125 0.80322265625 0.0634765625 0.0654296875
0 0.04638671875 0.91943359375 0.0927734375 0.1220703125
0 0.93017578125 0.04443359375 0.0595703125 0.0888671875
0 0.841796875 0.71435546875 0.060546875 0.0576171875
0 0.96484375 0.9599609375 0.06640625 0.076171875
0 0.908203125 0.61767578125 0.181640625 0.1220703125
0 0.373046875 0.86083984375 0.12109375 0.0927734375
0 0.2509765625 0.673828125 0.16015625 0.087890625
0 0.8056640625 0.40869140625 0.103515625 0.1123046875
0 0.48486328125 0.87939453125 0.0595703125 0.0634765625
0 0.94287109375 0.69482421875 0.1103515625 0.0576171875
0 0.59130859375 0.89404296875 0.0615234375 0.0673828125
0 0.73828125 0.06103515625 0.08203125 0.1220703125
0 0.6640625 0.06298828125 0.06640625 0.0810546875
0 0.27783203125 0.02734375 0.0517578125 0.0546875
0 0.59130859375 0.02587890625 0.0556640625 0.0517578125
0 0.45263671875 0.6259765625 0.0927734375 0.10546875
0 0.939453125 0.125 0.12109375 0.244140625
0 0.24462890625 0.7470703125 0.0888671875 0.08203125
0 0.45361328125 0.38232421875 0.0517578125 0.0595703125
0 0.24072265625 0.09814453125 0.0693359375 0.0908203125
0 0.9609375 0.5185546875 0.07421875 0.037109375
0 0.1083984375 0.9658203125 0.162109375 0.064453125
0 0.56591796875 0.51806640625 0.1123046875 0.0751953125
0 0.216796875 0.02685546875 0.068359375 0.0517578125
0 0.39013671875 0.4736328125 0.1064453125 0.111328125
0 0.681640625 0.615234375 0.12109375 0.09375
0 0.9599609375 0.7919921875 0.076171875 0.107421875
0 0.970703125 0.603515625 0.05078125 0.0546875
0 0.138671875 0.685546875 0.076171875 0.150390625
0 0.1494140625 0.15087890625 0.1171875 0.0947265625
0 0.13037109375 0.259765625 0.0751953125 0.177734375
0 0.2998046875 0.1953125 0.107421875 0.04296875
