0 0.48974609375 0.654296875 0.0849609375 0.087890625
0 0.302734375 0.5224609375 0.08203125 0.078125
0 0.0703125 0.8603515625 0.140625 0.169921875
0 0.02587890625 0.6865234375 0.0517578125 0.07421875
0 0.16943359375 0.08740234375 0.0830078125 0.1064453125
0 0.4111328125 0.44921875 0.099609375 0.06640625
0 0.0439453125 0.53125 0.087890625 0.064453125
0 0.53125 0.8486328125 0.046875 0.052734375
0 0.10888671875 0.4541015625 0.0966796875 0.072265625
0 0.14501953125 0.88916015625 0.1123046875 0.1162109375
0 0.1044921875 0.06005859375 0.208984375 0.1201171875
0 0.32177734375 0.91796875 0.1220703125 0.109375
0 0.18603515625 0.71142578125 0.1396484375 0.1103515625
0 0.3359375 0.58740234375 0.150390625 0.0712890625
