0 0.0283203125 0.7265625 0.056640625 0.0703125
0 0.08837890625 0.61669921875 0.1767578125 0.1494140625
0 0.482421875 0.27099609375 0.091796875 0.0771484375
0 0.19189453125 0.58154296875 0.2451171875 0.1376953125
0 0.92822265625 0.21630859375 0.1025390625 0.1162109375
0 0.05615234375 0.90380859375 0.1123046875 0.0732421875
0 0.7490234375 0.43408203125 0.12890625 0.0810546875
0 0.6083984375 0.07421875 0.080078125 0.109375
0 0.2939453125 0.0625 0.0703125 0.064453125
0 0.91796875 0.658203125 0.06640625 0.158203125
0 0.52685546875 0.05224609375 0.0869140625 0.1025390625
0 0.26220703125 0.158203125 0.1982421875 0.138671875
0 0.90185546875 0.98291015625 0.0634765625 0.0341796875
0 0.708984375 0.1669921875 0.05078125 0.080078125
0 0.2119140625 0.80908203125 0.099609375 0.0654296875
0 0.39892578125 0.1572265625 0.1181640625 0.123046875
0 0.4130859375 0.88720703125 0.080078125 0.1396484375
0 0.783203125 0.37353515625 0.130859375 0.0830078125
0 0.580078125 0.9814453125 0.060546875 0.03515625
