0 0.2275390625 0.78955078125 0.138671875 0.1083984375
0 0.7255859375 0.291015625 0.080078125 0.099609375
0 0.19189453125 0.291015625 0.0810546875 0.08984375
0 0.32470703125 0.91650390625 0.2353515625 0.1630859375
0 0.97802734375 0.6181640625 0.0439453125 0.080078125
0 0.13134765625 0.89013671875 0.1376953125 0.1123046875
0 0.7158203125 0.9697265625 0.1015625 0.05859375
0 0.853515625 0.07373046875 0.09765625 0.0810546875
0 0.482421875 0.95751953125 0.099609375 0.0830078125
0 0.80517578125 0.74169921875 0.1943359375 0.0888671875
0 0.28564453125 0.29638671875 0.0830078125 0.1162109375
0 0.64404296875 0.14697265625 0.0771484375 0.0791015625
0 0.29638671875 0.17431640625 0.0908203125 0.0830078125
0 0.26171875 0.4560546875 0.08984375 0.154296875
0 0.47998046875 0.0966796875 0.1025390625 0.150390625
0 0.73779296875 0.55615234375 0.0869140625 0.1005859375
0 0.82275390625 0.939453125 0.0869140625 0.1171875
0 0.53369140625 0.787109375 0.1689453125 0.107421875
0 0.96630859375 0.8544921875 0.0654296875 0.0859375
0 0.03759765625 0.4541015625 0.0751953125 0.09765625
0 0.47265625 0.294921875 0.08984375 0.197265625
