0 0.11279296875 0.49755859375 0.1650390625 0.1748046875
0 0.140625 0.6552734375 0.11328125 0.123046875
0 0.69677734375 0.18310546875 0.1123046875 0.0751953125
0 0.42919921875 0.71630859375 0.0966796875 0.1337890625
0 0.2802734375 0.51220703125 0.166015625 0.1044921875
0 0.2138671875 0.06005859375 0.10546875 0.1201171875
0 0.04052734375 0.4931640625 0.0810546875 0.10546875
0 0.72216796875 0.6171875 0.0947265625 0.119140625
0 0.46923828125 0.5869140625 0.1064453125 0.09375
0 0.9228515625 0.39599609375 0.15234375 0.2099609375
0 0.31298828125 0.3125 0.1201171875 0.125
0 0.291015625 0.87255859375 0.083984375 0.0654296875
0 0.37060546875 0.56103515625 0.1142578125 0.0830078125
0 0.03515625 0.68505859375 0.06640625 0.1005859375
0 0.9326171875 0.107421875 0.103515625 0.193359375
0 0.21923828125 0.62890625 0.1435546875 0.111328125
0 0.6162109375 0.7255859375 0.16796875 0.123046875
0 0.705078125 0.32568359375 0.091796875 0.1474609375
0 0.8671875 0.1513671875 0.0859375 0.171875
0 0.68603515625 0.77001953125 0.0810546875 0.1103515625
0 0.61865234375 0.787109375 0.1318359375 0.150390625
0 0.6259765625 0.2470703125 0.091796875 0.2578125
0 0.9541015625 0.515625 0.08984375 0.095703125
0 0.14306640625 0.22216796875 0.1572265625 0.1337890625
