0 0.7470703125 0.3701171875 0.0625 0.08203125
0 0.8505859375 0.09765625 0.078125 0.10546875
0 0.86279296875 0.8232421875 0.0947265625 0.080078125
0 0.65478515625 0.5126953125 0.0712890625 0.056640625
0 0.06787109375 0.96923828125 0.0693359375 0.0595703125
0 0.93994140625 0.28125 0.1181640625 0.0625
0 0.36865234375 0.43798828125 0.1318359375 0.0732421875
0 0.7880859375 0.8720703125 0.123046875 0.154296875
0 0.2705078125 0.23291015625 0.068359375 0.0595703125
0 0.5458984375 0.96044921875 0.076171875 0.0654296875
0 0.4130859375 0.17138671875 0.06640625 0.0830078125
0 0.19189453125 0.451171875 0.0947265625 0.0625
0 0.92919921875 0.8330078125 0.0595703125 0.12109375
0 0.703125 0.59814453125 0.076171875 0.0830078125
0 0.45166015625 0.5224609375 0.0869140625 0.095703125
0 0.6484375 0.76318359375 0.052734375 0.0595703125
0 0.572265625 0.17919921875 0.078125 0.0927734375
0 0.2099609375 0.8017578125 0.12109375 0.173828125
0 0.892578125 0.03857421875 0.0546875 0.0771484375
0 0.4521484375 0.6279296875 0.083984375 0.087890625
0 0.47509765625 0.169921875 0.0791015625 0.064453125
0 0.02392578125 0.03759765625 0.0478515625 0.0732421875
0 0.48095703125 0.8876953125 0.0849609375 0.068359375
0 0.34716796875 0.11669921875 0.0654296875 0.1044921875
0 0.9580078125 0.0380859375 0.083984375 0.07421875
0 0.0947265625 0.525390625 0.130859375 0.0859375
0 0.52783203125 0.890625 0.0966796875 0.12109375
0 0.55078125 0.34375 0.08203125 0.146484375
0 0.05615234375 0.45654296875 0.1103515625 0.0771484375
0 0.83251953125 0.4775390625 0.0888671875 0.072265625
0 0.48291015625 0.306640625 0.0947265625 0.076171875
0 0.84326171875 0.568359375 0.0830078125 0.095703125
0 0.11962890625 0.80078125 0.0537109375 0.06640625
0 0.1787109375 0.173828125 0.095703125 0.076171875
