0 0.46826171875 0.95751953125 0.0966796875 0.0771484375
0 0.9580078125 0.67529296875 0.07421875 0.0966796875
0 0.52734375 0.63427734375 0.04296875 0.0830078125
0 0.09521484375 0.72998046875 0.0556640625 0.0537109375
0 0.35986328125 0.46484375 0.0810546875 0.076171875
0 0.27978515625 0.77392578125 0.1318359375 0.0947265625
0 0.78466796875 0.52783203125 0.0517578125 0.0966796875
0 0.62841796875 0.04833984375 0.0908203125 0.0966796875
0 0.90087890625 0.0693359375 0.1162109375 0.08984375
0 0.6728515625 0.14697265625 0.0703125 0.0849609375
0 0.03857421875 0.1953125 0.0673828125 0.060546875
0 0.2294921875 0.3701171875 0.037109375 0.033203125
0 0.53271484375 0.25244140625 0.0673828125 0.0751953125
0 0.03662109375 0.2685546875 0.0732421875 0.08984375
0 0.70556640625 0.92138671875 0.0732421875 0.0712890625
0 0.06640625 0.8525390625 0.0859375 0.068359375
0 0.58056640625 0.14892578125 0.0458984375 0.0595703125
0 0.14794921875 0.39794921875 0.0458984375 0.0576171875
0 0.453125 0.48095703125 0.099609375 0.0986328125
0 0.81005859375 0.74658203125 0.0517578125 0.0615234375
0 0.73876953125 0.25048828125 0.1044921875 0.0791015625
0 0.87451171875 0.751953125 0.0419921875 0.05078125
0 0.5400390625 0.41650390625 0.07421875 0.0615234375
0 0.4462890625 0.10009765625 0.052734375 0.0654296875
0 0.875 0.533203125 0.083984375 0.052734375
0 0.42529296875 0.79150390625 0.0869140625 0.1240234375
0 0.23291015625 0.41552734375 0.0595703125 0.0634765625
0 0.69873046875 0.73046875 0.0732421875 0.07421875
0 0.6083984375 0.69970703125 0.095703125 0.0888671875
0 0.298828125 0.15966796875 0.1015625 0.1064453125
0 0.90087890625 0.623046875 0.0341796875 0.04296875
0 0.92529296875 0.6005859375 0.0673828125 0.0546875
