0 0.912109375 0.87548828125 0.173828125 0.0771484375
0 0.91650390625 0.1962890625 0.0810546875 0.078125
0 0.82470703125 0.908203125 0.1474609375 0.119140625
0 0.70751953125 0.1025390625 0.0888671875 0.087890625
0 0.380859375 0.89599609375 0.091796875 0.1142578125
0 0.216796875 0.06201171875 0.06640625 0.1220703125
0 0.43359375 0.48388671875 0.083984375 0.1904296875
0 0.08740234375 0.61474609375 0.0966796875 0.2060546875
0 0.45703125 0.1669921875 0.23046875 0.201171875
0 0.94970703125 0.0341796875 0.0986328125 0.068359375
0 0.4853515625 0.57177734375 0.287109375 0.1025390625
0 0.01806640625 0.72998046875 0.0361328125 0.1201171875
0 0.32177734375 0.625 0.0986328125 0.19140625
0 0.20703125 0.6650390625 0.11328125 0.103515625
0 0.708984375 0.62890625 0.10546875 0.1328125
0 0.03662109375 0.30908203125 0.0732421875 0.0966796875
0 0.0419921875 0.07177734375 0.083984375 0.0830078125
0 0.2197265625 0.51904296875 0.08203125 0.1240234375
0 0.0361328125 0.5126953125 0.072265625 0.181640625
0 0.36181640625 0.3291015625 0.1240234375 0.185546875
0 0.15283203125 0.33251953125 0.1591796875 0.1337890625
0 0.16650390625 0.8876953125 0.0908203125 0.072265625
0 0.53466796875 0.8916015625 0.1748046875 0.21484375
0 0.904296875 0.7548828125 0.189453125 0.11328125
0 0.08251953125 0.22607421875 0.1455078125 0.1259765625
0 0.75830078125 0.81201171875 0.2275390625 0.1298828125
0 0.30908203125 0.02880859375 0.1181640625 0.0576171875
0 0.4208984375 0.35986328125 0.072265625 0.0751953125
0 0.15087890625 0.62451171875 0.1513671875 0.1552734375
0 0.57958984375 0.7255859375 0.1240234375 0.09375
0 0.22412109375 0.912109375 0.0673828125 0.154296875
0 0.1396484375 0.51171875 0.1328125 0.0859375
0 0.9296875 0.67138671875 0.13671875 0.1591796875
