0 0.90625 0.92529296875 0.068359375 0.1474609375
0 0.0478515625 0.7529296875 0.095703125 0.08203125
0 0.96826171875 0.58349609375 0.0595703125 0.0634765625
0 0.43212890625 0.779296875 0.0751953125 0.06640625
0 0.68310546875 0.08544921875 0.1103515625 0.1083984375
0 0.30126953125 0.61279296875 0.0986328125 0.1201171875
0 0.90234375 0.798828125 0.083984375 0.0703125
0 0.287109375 0.87939453125 0.08984375 0.0751953125
0 0.05615234375 0.28125 0.0732421875 0.068359375
0 0.86962890625 0.10302734375 0.1396484375 0.0673828125
0 0.8125 0.2841796875 0.091796875 0.0625
0 0.04345703125 0.1962890625 0.0869140625 0.14453125
0 0.03564453125 0.06298828125 0.0576171875 0.0869140625
0 0.814453125 0.1865234375 0.087890625 0.140625
0 0.20556640625 0.34912109375 0.0693359375 0.0947265625
0 0.54931640625 0.5634765625 0.1025390625 0.169921875
0 0.19677734375 0.19580078125 0.0888671875 0.0810546875
0 0.7109375 0.7705078125 0.068359375 0.07421875
0 0.3740234375 0.3369140625 0.12109375 0.09765625
0 0.16162109375 0.36376953125 0.0693359375 0.0966796875
0 0.10791015625 0.634765625 0.0791015625 0.056640625
