0 0.74560546875 0.73486328125 0.0927734375 0.0791015625
0 0.19287109375 0.107421875 0.0771484375 0.1015625
0 0.38427734375 0.28125 0.0908203125 0.05859375
0 0.25341796875 0.9140625 0.1005859375 0.166015625
0 0.70458984375 0.6435546875 0.1103515625 0.126953125
0 0.34814453125 0.0341796875 0.1279296875 0.06640625
0 0.80029296875 0.9033203125 0.1572265625 0.11328125
0 0.55224609375 0.6708984375 0.1279296875 0.06640625
0 0.63671875 0.51025390625 0.107421875 0.1142578125
0 0.21630859375 0.5986328125 0.1123046875 0.126953125
0 0.53173828125 0.50537109375 0.0595703125 0.0869140625
0 0.05517578125 0.833984375 0.0751953125 0.09765625
0 0.48828125 0.064453125 0.05859375 0.072265625
0 0.666015625 0.94091796875 0.068359375 0.0634765625
0 0.076171875 0.5419921875 0.15234375 0.083984375
0 0.9443359375 0.62841796875 0.05859375 0.0869140625
0 0.4755859375 0.59521484375 0.07421875 0.0615234375
0 0.9306640625 0.54736328125 0.041015625 0.0634765625
0 0.21923828125 0.25048828125 0.0986328125 0.0732421875
0 0.4609375 0.38720703125 0.064453125 0.1064453125
