0 0.43896484375 0.1259765625 0.0966796875 0.111328125
0 0.81982421875 0.11181640625 0.0947265625 0.0986328125
0 0.1474609375 0.0869140625 0.1484375 0.1484375
0 0.427734375 0.03466796875 0.064453125 0.0693359375
0 0.91796875 0.04248046875 0.115234375 0.0830078125
0 0.09912109375 0.927734375 0.1357421875 0.08203125
0 0.21044921875 0.68115234375 0.1787109375 0.1904296875
0 0.3310546875 0.81201171875 0.08984375 0.0986328125
0 0.52685546875 0.1103515625 0.0751953125 0.10546875
0 0.244140625 0.05712890625 0.08984375 0.1123046875
0 0.70068359375 0.904296875 0.1298828125 0.14453125
0 0.25537109375 0.40185546875 0.1181640625 0.0888671875
