0 0.3203125 0.0751953125 0.07421875 0.150390625
0 0.103515625 0.78564453125 0.126953125 0.0908203125
0 0.96826171875 0.19580078125 0.0615234375 0.1298828125
0 0.62158203125 0.04541015625 0.0615234375 0.0908203125
0 0.951171875 0.41162109375 0.095703125 0.1123046875
0 0.25244140625 0.27783203125 0.0693359375 0.0849609375
0 0.9248046875 0.484375 0.130859375 0.060546875
0 0.67431640625 0.298828125 0.1474609375 0.04296875
0 0.2412109375 0.654296875 0.083984375 0.10546875
0 0.71923828125 0.0810546875 0.1123046875 0.162109375
0 0.75830078125 0.17724609375 0.0791015625 0.1240234375
0 0.1591796875 0.67333984375 0.0625 0.0673828125
0 0.6455078125 0.47265625 0.140625 0.109375
0 0.59716796875 0.3349609375 0.0927734375 0.099609375
0 0.259765625 0.05712890625 0.0703125 0.1123046875
0 0.0302734375 0.47705078125 0.060546875 0.0810546875
0 0.11865234375 0.58154296875 0.0771484375 0.1162109375
0 0.046875 0.02294921875 0.08984375 0.0458984375
0 0.2578125 0.96533203125 0.107421875 0.0654296875
0 0.015625 0.869140625 0.03125 0.11328125
0 0.400390625 0.8828125 0.171875 0.11328125
0 0.89208984375 0.5458984375 0.0966796875 0.1015625
0 0.119140625 0.96484375 0.08984375 0.06640625
0 0.06396484375 0.73486328125 0.1279296875 0.0810546875
0 0.8232421875 0.95849609375 0.115234375 0.0791015625
