0 0.42724609375 0.04248046875 0.1416015625 0.0810546875
0 0.048828125 0.89453125 0.09765625 0.201171875
0 0.2265625 0.47900390625 0.162109375 0.1533203125
0 0.80224609375 0.93701171875 0.1318359375 0.1220703125
0 0.423828125 0.568359375 0.091796875 0.111328125
0 0.73583984375 0.4326171875 0.1240234375 0.087890625
0 0.33154296875 0.07958984375 0.1416015625 0.0966796875
0 0.060546875 0.68505859375 0.12109375 0.1181640625
0 0.02685546875 0.7451171875 0.0537109375 0.1484375
0 0.14892578125 0.18115234375 0.1494140625 0.0966796875
0 0.03515625 0.2841796875 0.0703125 0.08984375
0 0.48486328125 0.21240234375 0.1201171875 0.0712890625
0 0.88671875 0.162109375 0.064453125 0.109375
0 0.703125 0.576171875 0.072265625 0.130859375
0 0.67919921875 0.78759765625 0.0849609375 0.0947265625
0 0.1826171875 0.8291015625 0.087890625 0.119140625
0 0.9697265625 0.79931640625 0.05859375 0.0693359375
0 0.828125 0.3720703125 0.083984375 0.109375
0 0.87060546875 0.033203125 0.0517578125 0.06640625
0 0.1923828125 0.591796875 0.224609375 0.16015625
0 0.4404296875 0.08203125 0.072265625 0.083984375
0 0.32275390625 0.435546875 0.1962890625 0.0859375
0 0.92236328125 0.0234375 0.0966796875 0.046875
0 0.37158203125 0.322265625 0.1513671875 0.1015625
0 0.63037109375 0.568359375 0.1005859375 0.11328125
0 0.16064453125 0.03173828125 0.0986328125 0.0634765625
0 0.4326171875 0.64453125 0.2265625 0.18359375
0 0.95703125 0.64697265625 0.083984375 0.1201171875
0 0.58642578125 0.03564453125 0.0908203125 0.0673828125
0 0.06201171875 0.490234375 0.1240234375 0.109375
0 0.51318359375 0.4140625 0.1162109375 0.0859375
0 0.86376953125 0.6611328125 0.0927734375 0.13671875
0 0.802734375 0.09130859375 0.083984375 0.0966796875
0 0.794921875 0.70068359375 0.125 0.0927734375
0 0.29296875 0.9658203125 0.1328125 0.064453125
0 0.9453125 0.263671875 0.08984375 0.134765625
0 0.7470703125 0.3076171875 0.083984375 0.185546875
0 0.1787109375 0.47998046875 0.138671875 0.1220703125
0 0.0380859375 0.953125 0.076171875 0.087890625
0 0.07470703125 0.34912109375 0.0810546875 0.0439453125
0 0.3046875 0.8046875 0.095703125 0.166015625
0 0.73583984375 0.15380859375 0.0810546875 0.0771484375
0 0.951171875 0.1533203125 0.060546875 0.078125
0 0.84423828125 0.806640625 0.1611328125 0.111328125
0 0.107421875 0.0791015625 0.130859375 0.109375
