0 0.26953125 0.85693359375 0.107421875 0.0634765625
0 0.46142578125 0.72607421875 0.1357421875 0.1220703125
0 0.02197265625 0.06982421875 0.0439453125 0.0654296875
0 0.7705078125 0.4873046875 0.068359375 0.12109375
0 0.76220703125 0.978515625 0.0966796875 0.041015625
0 0.0654296875 0.689453125 0.130859375 0.2109375
0 0.04345703125 0.44970703125 0.0869140625 0.0908203125
0 0.2626953125 0.65673828125 0.1640625 0.2060546875
0 0.71533203125 0.57763671875 0.0791015625 0.0849609375
0 0.55029296875 0.93115234375 0.1806640625 0.1318359375
0 0.24951171875 0.517578125 0.0654296875 0.123046875
0 0.06591796875 0.044921875 0.1279296875 0.08984375
0 0.36669921875 0.95458984375 0.0888671875 0.0888671875
0 0.431640625 0.181640625 0.150390625 0.103515625
0 0.9541015625 0.0830078125 0.08984375 0.103515625
0 0.931640625 0.2822265625 0.134765625 0.126953125
0 0.6865234375 0.4501953125 0.091796875 0.09375
0 0.37939453125 0.435546875 0.1630859375 0.181640625
0 0.60498046875 0.5595703125 0.1005859375 0.087890625
0 0.07666015625 0.349609375 0.1513671875 0.078125
0 0.11669921875 0.42333984375 0.0869140625 0.0771484375
0 0.79052734375 0.05029296875 0.0830078125 0.0947265625
0 0.64306640625 0.65234375 0.0830078125 0.0546875
0 0.52685546875 0.05224609375 0.0908203125 0.1005859375
0 0.4609375 0.32958984375 0.08984375 0.0830078125
0 0.34814453125 0.77197265625 0.0810546875 0.1845703125
0 0.41943359375 0.95263671875 0.0791015625 0.0927734375
0 0.4970703125 0.755859375 0.173828125 0.13671875
0 0.951171875 0.6025390625 0.095703125 0.115234375
0 0.09765625 0.609375 0.119140625 0.25390625
0 0.18701171875 0.04931640625 0.1591796875 0.0986328125
