0 0.3544921875 0.15234375 0.09765625 0.078125
0 0.068359375 0.67919921875 0.1015625 0.1455078125
0 0.47119140625 0.3896484375 0.1455078125 0.1640625
0 0.953125 0.1337890625 0.091796875 0.095703125
0 0.029296875 0.4833984375 0.05859375 0.0859375
0 0.23974609375 0.38916015625 0.2275390625 0.1201171875
0 0.6298828125 0.3271484375 0.16015625 0.126953125
0 0.80810546875 0.41162109375 0.1826171875 0.0673828125
0 0.0380859375 0.94140625 0.076171875 0.111328125
0 0.12158203125 0.29296875 0.2431640625 0.095703125
0 0.0986328125 0.59814453125 0.0859375 0.1162109375
0 0.34130859375 0.59228515625 0.1591796875 0.1318359375
0 0.93359375 0.27734375 0.130859375 0.138671875
0 0.8408203125 0.79296875 0.076171875 0.07421875
0 0.783203125 0.3642578125 0.130859375 0.056640625
0 0.89306640625 0.3623046875 0.1103515625 0.046875
0 0.02685546875 0.201171875 0.0537109375 0.05859375
0 0.9765625 0.927734375 0.044921875 0.08984375
0 0.2294921875 0.55078125 0.16015625 0.12109375
0 0.3740234375 0.9169921875 0.171875 0.080078125
0 0.51953125 0.0576171875 0.267578125 0.11328125
0 0.669921875 0.056640625 0.064453125 0.111328125
0 0.57470703125 0.6494140625 0.1162109375 0.154296875
0 0.3984375 0.2158203125 0.107421875 0.115234375
0 0.24951171875 0.01806640625 0.1103515625 0.0361328125
0 0.73291015625 0.54736328125 0.1220703125 0.1005859375
0 0.20751953125 0.72119140625 0.0751953125 0.2138671875
0 0.1982421875 0.205078125 0.19140625 0.11328125
0 0.69921875 0.16748046875 0.220703125 0.1474609375
0 0.435546875 0.095703125 0.060546875 0.1328125
0 0.2607421875 0.8017578125 0.140625 0.08203125
0 0.9326171875 0.03173828125 0.1328125 0.0634765625
0 0.09814453125 0.71435546875 0.1708984375 0.1904296875
0 0.97412109375 0.08984375 0.0517578125 0.0546875
0 0.59521484375 0.85107421875 0.0849609375 0.1767578125
