0 0.23876953125 0.18994140625 0.1357421875 0.0849609375
0 0.60009765625 0.9482421875 0.0908203125 0.083984375
0 0.97119140625 0.12548828125 0.0556640625 0.1162109375
0 0.5166015625 0.76708984375 0.099609375 0.1259765625
0 0.50390625 0.33544921875 0.12109375 0.0712890625
0 0.9375 0.03125 0.099609375 0.0625
0 0.23779296875 0.3798828125 0.0693359375 0.1015625
0 0.56884765625 0.77978515625 0.0830078125 0.1123046875
0 0.126953125 0.44775390625 0.103515625 0.0888671875
0 0.091796875 0.6513671875 0.16015625 0.1328125
0 0.89990234375 0.8212890625 0.1474609375 0.107421875
0 0.2373046875 0.26416015625 0.16796875 0.0810546875
0 0.1962890625 0.68115234375 0.126953125 0.1611328125
0 0.9599609375 0.5849609375 0.078125 0.09765625
0 0.77001953125 0.875 0.0771484375 0.08203125
0 0.80810546875 0.43603515625 0.0771484375 0.0791015625
0 0.09423828125 0.7666015625 0.0732421875 0.12109375
0 0.0341796875 0.1708984375 0.068359375 0.109375
0 0.9267578125 0.49267578125 0.14453125 0.0869140625
0 0.43017578125 0.55126953125 0.0595703125 0.0849609375
0 0.87841796875 0.3974609375 0.0576171875 0.060546875
0 0.57958984375 0.59033203125 0.0927734375 0.0693359375
0 0.8408203125 0.89208984375 0.099609375 0.1376953125
0 0.25341796875 0.91845703125 0.0693359375 0.1494140625
0 0.87841796875 0.2607421875 0.0693359375 0.0703125
0 0.60595703125 0.2685546875 0.1123046875 0.095703125
0 0.30517578125 0.33203125 0.0654296875 0.083984375
0 0.73193359375 0.11376953125 0.1181640625 0.0869140625
0 0.9111328125 0.97119140625 0.08203125 0.0576171875
0 0.220703125 0.095703125 0.0625 0.078125
0 0.9560546875 0.33642578125 0.0546875 0.0654296875
0 0.9150390625 0.615234375 0.060546875 0.068359375
0 0.78369140625 0.29931640625 0.1025390625 0.0751953125
0 0.06494140625 0.89599609375 0.0849609375 0.0947265625
0 0.869140625 0.76318359375 0.12109375 0.0966796875
0 0.22509765625 0.783203125 0.1162109375 0.09375
