0 0.25830078125 0.06298828125 0.0498046875 0.0908203125
0 0.38818359375 0.078125 0.0771484375 0.10546875
0 0.85205078125 0.87841796875 0.0927734375 0.0849609375
0 0.94091796875 0.68212890625 0.0537109375 0.0732421875
0 0.72509765625 0.62060546875 0.0947265625 0.0830078125
0 0.52001953125 0.921875 0.1083984375 0.109375
0 0.47607421875 0.11572265625 0.1416015625 0.0908203125
0 0.15869140625 0.62353515625 0.1044921875 0.1455078125
0 0.4794921875 0.95751953125 0.109375 0.0830078125
0 0.9755859375 0.84912109375 0.046875 0.0634765625
0 0.25048828125 0.4248046875 0.1064453125 0.078125
0 0.86767578125 0.6142578125 0.1376953125 0.130859375
0 0.7900390625 0.05322265625 0.078125 0.1044921875
0 0.9775390625 0.33056640625 0.04296875 0.0986328125
0 0.7333984375 0.11376953125 0.052734375 0.0458984375
0 0.12646484375 0.8154296875 0.1142578125 0.134765625
0 0.41162109375 0.7431640625 0.1318359375 0.1484375
0 0.9384765625 0.90966796875 0.12109375 0.1162109375
0 0.0341796875 0.75244140625 0.068359375 0.1455078125
0 0.9091796875 0.3359375 0.05078125 0.05859375
0 0.8349609375 0.43701171875 0.09375 0.0771484375
0 0.50634765625 0.6728515625 0.0751953125 0.078125
0 0.31787109375 0.6611328125 0.0908203125 0.078125
0 0.6337890625 0.2919921875 0.08984375 0.068359375
0 0.962890625 0.17724609375 0.072265625 0.0888671875
0 0.9765625 0.62451171875 0.044921875 0.1220703125
0 0.8212890625 0.94140625 0.08984375 0.11328125
0 0.521484375 0.486328125 0.095703125 0.09375
0 0.5703125 0.19482421875 0.091796875 0.1162109375
0 0.68701171875 0.9248046875 0.0869140625 0.078125
0 0.80859375 0.13330078125 0.05859375 0.0478515625
0 0.5830078125 0.642578125 0.091796875 0.09765625
0 0.52783203125 0.02099609375 0.0908203125 0.0400390625
0 0.17236328125 0.17822265625 0.1318359375 0.1005859375
0 0.85009765625 0.04345703125 0.0634765625 0.0693359375
0 0.2529296875 0.9765625 0.08203125 0.044921875
0 0.35986328125 0.1865234375 0.0849609375 0.091796875
