0 0.6943359375 0.34716796875 0.123046875 0.2568359375
0 0.24462890625 0.033203125 0.0791015625 0.06640625
0 0.18701171875 0.955078125 0.0966796875 0.08984375
0 0.91748046875 0.05029296875 0.1123046875 0.1005859375
0 0.51904296875 0.83056640625 0.1083984375 0.1943359375
0 0.65283203125 0.7177734375 0.0537109375 0.109375
0 0.333984375 0.8232421875 0.119140625 0.109375
0 0.0361328125 0.029296875 0.072265625 0.056640625
0 0.04248046875 0.27978515625 0.0849609375 0.0966796875
0 0.51513671875 0.603515625 0.1455078125 0.087890625
0 0.92236328125 0.7548828125 0.1259765625 0.17578125
0 0.74169921875 0.12353515625 0.1044921875 0.0791015625
0 0.47021484375 0.08935546875 0.1728515625 0.1181640625
0 0.87255859375 0.95703125 0.1064453125 0.08203125
0 0.2294921875 0.42919921875 0.05078125 0.0537109375
0 0.34326171875 0.0322265625 0.1396484375 0.056640625
0 0.81591796875 0.2578125 0.1337890625 0.111328125
0 0.04296875 0.07763671875 0.0859375 0.0830078125
0 0.27490234375 0.92578125 0.1044921875 0.142578125
0 0.40576171875 0.75244140625 0.1064453125 0.1240234375
0 0.76708984375 0.224609375 0.1142578125 0.087890625
0 0.3486328125 0.96875 0.09375 0.05859375
0 0.85791015625 0.60595703125 0.1572265625 0.1142578125
0 0.94140625 0.65283203125 0.05859375 0.0830078125
0 0.76123046875 0.36669921875 0.1025390625 0.0927734375
