0 0.17138671875 0.30419921875 0.1123046875 0.1162109375
0 0.92041015625 0.681640625 0.0791015625 0.0703125
0 0.20947265625 0.01611328125 0.0615234375 0.0322265625
0 0.49267578125 0.4013671875 0.1162109375 0.099609375
0 0.8935546875 0.361328125 0.099609375 0.162109375
0 0.095703125 0.0673828125 0.072265625 0.078125
0 0.5888671875 0.38818359375 0.09765625 0.0830078125
0 0.66650390625 0.86767578125 0.1103515625 0.0986328125
0 0.3330078125 0.2822265625 0.08984375 0.072265625
0 0.64990234375 0.1708984375 0.0771484375 0.08203125
0 0.5791015625 0.69287109375 0.060546875 0.0771484375
0 0.6240234375 0.90869140625 0.072265625 0.0693359375
0 0.86474609375 0.4931640625 0.0888671875 0.083984375
0 0.27490234375 0.9130859375 0.0869140625 0.107421875
0 0.3359375 0.15478515625 0.08984375 0.0732421875
0 0.2451171875 0.18017578125 0.07421875 0.0537109375
0 0.5869140625 0.21875 0.083984375 0.068359375
0 0.54443359375 0.0849609375 0.1044921875 0.107421875
0 0.025390625 0.5009765625 0.05078125 0.142578125
0 0.23046875 0.3525390625 0.0703125 0.064453125
0 0.44970703125 0.0263671875 0.0791015625 0.052734375
0 0.7646484375 0.63134765625 0.068359375 0.0732421875
0 0.0771484375 0.8330078125 0.099609375 0.083984375
0 0.23974609375 0.84228515625 0.0986328125 0.1103515625
0 0.90283203125 0.86767578125 0.0849609375 0.1513671875
0 0.24853515625 0.2294921875 0.0986328125 0.076171875
0 0.9150390625 0.23388671875 0.078125 0.0908203125
0 0.7490234375 0.54833984375 0.111328125 0.1142578125
0 0.7470703125 0.8916015625 0.09765625 0.162109375
0 0.76611328125 0.20556640625 0.0947265625 0.0595703125
0 0.7900390625 0.087890625 0.078125 0.083984375
0 0.3681640625 0.40673828125 0.091796875 0.0927734375
0 0.4130859375 0.291015625 0.109375 0.08984375
0 0.6884765625 0.46142578125 0.0859375 0.1005859375
0 0.52001953125 0.71142578125 0.0830078125 0.0986328125
0 0.43896484375 0.8564453125 0.0927734375 0.099609375
0 0.8408203125 0.75732421875 0.064453125 0.0810546875
0 0.3701171875 0.49169921875 0.0625 0.0478515625
