0 0.56640625 0.76953125 0.109375 0.087890625
0 0.42626953125 0.4462890625 0.0869140625 0.095703125
0 0.302734375 0.498046875 0.083984375 0.095703125
0 0.78271484375 0.61865234375 0.0908203125 0.0869140625
0 0.24560546875 0.1591796875 0.0966796875 0.08984375
0 0.42138671875 0.69580078125 0.0771484375 0.0810546875
0 0.41552734375 0.59375 0.1005859375 0.099609375
0 0.86328125 0.44921875 0.109375 0.091796875
0 0.474609375 0.515625 0.083984375 0.083984375
0 0.30712890625 0.91552734375 0.1103515625 0.1396484375
0 0.6953125 0.0244140625 0.119140625 0.046875
0 0.35302734375 0.72607421875 0.0732421875 0.0673828125
0 0.4951171875 0.42529296875 0.1015625 0.0869140625
0 0.828125 0.1279296875 0.068359375 0.05859375
0 0.435546875 0.9580078125 0.07421875 0.080078125
0 0.19580078125 0.91748046875 0.1083984375 0.0849609375
0 0.53271484375 0.287109375 0.0810546875 0.09765625
0 0.357421875 0.38623046875 0.1015625 0.0947265625
0 0.04296875 0.02880859375 0.0859375 0.0576171875
0 0.7822265625 0.060546875 0.09375 0.12109375
0 0.68701171875 0.2138671875 0.1103515625 0.08984375
0 0.47216796875 0.1552734375 0.1064453125 0.109375
0 0.484375 0.62646484375 0.091796875 0.1005859375
0 0.962890625 0.033203125 0.072265625 0.06640625
0 0.109375 0.291015625 0.107421875 0.080078125
0 0.892578125 0.31787109375 0.125 0.0986328125
0 0.9736328125 0.5732421875 0.05078125 0.1171875
