0 0.4296875 0.1884765625 0.09375 0.103515625
0 0.05126953125 0.96142578125 0.1025390625 0.0751953125
0 0.4697265625 0.11865234375 0.10546875 0.0927734375
0 0.58984375 0.3056640625 0.080078125 0.080078125
0 0.4033203125 0.59716796875 0.095703125 0.0830078125
0 0.734375 0.93408203125 0.087890625 0.1279296875
0 0.76318359375 0.56884765625 0.1572265625 0.1845703125
0 0.02099609375 0.38720703125 0.0419921875 0.1025390625
0 0.40576171875 0.734375 0.0966796875 0.166015625
0 0.23779296875 0.943359375 0.0947265625 0.107421875
0 0.3486328125 0.1611328125 0.10546875 0.09765625
0 0.45361328125 0.87353515625 0.1513671875 0.1240234375
0 0.3193359375 0.87646484375 0.138671875 0.2451171875
0 0.7060546875 0.5048828125 0.1484375 0.09375
0 0.91796875 0.0458984375 0.1328125 0.08984375
0 0.3857421875 0.322265625 0.232421875 0.095703125
