0 0.59326171875 0.0888671875 0.0615234375 0.171875
0 0.9755859375 0.787109375 0.046875 0.08984375
0 0.8974609375 0.953125 0.076171875 0.09375
0 0.35498046875 0.54443359375 0.0869140625 0.0751953125
0 0.283203125 0.6513671875 0.0703125 0.078125
0 0.89306640625 0.1044921875 0.0517578125 0.041015625
0 0.494140625 0.9375 0.068359375 0.06640625
0 0.134765625 0.0146484375 0.10546875 0.029296875
0 0.5703125 0.8603515625 0.05859375 0.0546875
0 0.45556640625 0.24853515625 0.1064453125 0.0966796875
0 0.29931640625 0.3505859375 0.0556640625 0.09765625
0 0.765625 0.3505859375 0.087890625 0.103515625
0 0.5634765625 0.7900390625 0.064453125 0.060546875
0 0.2001953125 0.4912109375 0.0859375 0.08203125
0 0.978515625 0.2568359375 0.0390625 0.05859375
0 0.5126953125 0.63720703125 0.095703125 0.0966796875
0 0.8701171875 0.37646484375 0.10546875 0.0615234375
0 0.96142578125 0.16650390625 0.0751953125 0.0849609375
0 0.82666015625 0.96044921875 0.0556640625 0.0751953125
0 0.7041015625 0.03369140625 0.087890625 0.0673828125
0 0.19384765625 0.94921875 0.0947265625 0.09765625
0 0.7490234375 0.0498046875 0.076171875 0.072265625
0 0.15576171875 0.880859375 0.0595703125 0.068359375
0 0.63818359375 0.28515625 0.0888671875 0.07421875
0 0.76318359375 0.55908203125 0.1123046875 0.1044921875
0 0.1142578125 0.70947265625 0.08203125 0.0947265625
0 0.4150390625 0.13916015625 0.080078125 0.1298828125
0 0.63134765625 0.03125 0.0498046875 0.056640625
0 0.63134765625 0.4521484375 0.1083984375 0.0859375
