0 0.65380859375 0.9609375 0.0693359375 0.078125
0 0.3828125 0.96044921875 0.078125 0.0771484375
0 0.4677734375 0.76123046875 0.05078125 0.0869140625
0 0.22900390625 0.958984375 0.1083984375 0.080078125
0 0.1591796875 0.19482421875 0.060546875 0.0537109375
0 0.61669921875 0.90966796875 0.0634765625 0.1357421875
0 0.18212890625 0.25048828125 0.1064453125 0.1220703125
0 0.919921875 0.52734375 0.146484375 0.103515625
0 0.0390625 0.96630859375 0.078125 0.0654296875
0 0.1376953125 0.15625 0.07421875 0.0703125
0 0.4619140625 0.0419921875 0.07421875 0.080078125
0 0.31689453125 0.23974609375 0.0927734375 0.1650390625
0 0.51025390625 0.8984375 0.1044921875 0.08984375
0 0.9697265625 0.07177734375 0.056640625 0.0810546875
0 0.1181640625 0.90478515625 0.169921875 0.1064453125
0 0.31396484375 0.837890625 0.0712890625 0.12109375
0 0.70751953125 0.240234375 0.1162109375 0.130859375
0 0.9169921875 0.8271484375 0.115234375 0.099609375
0 0.26171875 0.0849609375 0.08984375 0.103515625
0 0.40625 0.52197265625 0.068359375 0.1376953125
0 0.06103515625 0.61474609375 0.0595703125 0.0654296875
0 0.83935546875 0.92578125 0.0830078125 0.146484375
0 0.06982421875 0.47265625 0.0712890625 0.11328125
0 0.16259765625 0.96728515625 0.0693359375 0.0634765625
0 0.0517578125 0.17626953125 0.103515625 0.1240234375
0 0.1455078125 0.5712890625 0.09765625 0.169921875
0 0.61279296875 0.2626953125 0.0830078125 0.087890625
0 0.27490234375 0.669921875 0.1435546875 0.08984375
0 0.552734375 0.91748046875 0.109375 0.1611328125
0 0.3623046875 0.0419921875 0.099609375 0.08203125
0 0.34521484375 0.41650390625 0.1240234375 0.1513671875
0 0.12841796875 0.3310546875 0.1123046875 0.091796875
0 0.1708984375 0.4013671875 0.046875 0.0546875
0 0.619140625 0.66845703125 0.150390625 0.0869140625
0 0.03515625 0.0517578125 0.0703125 0.09765625
0 0.43017578125 0.59033203125 0.1259765625 0.1103515625
