0 0.40283203125 0.90673828125 0.0537109375 0.0927734375
0 0.86865234375 0.1611328125 0.1923828125 0.119140625
0 0.740234375 0.02880859375 0.091796875 0.0556640625
0 0.125 0.2958984375 0.091796875 0.09765625
0 0.94287109375 0.3671875 0.1123046875 0.115234375
0 0.029296875 0.77490234375 0.05859375 0.1279296875
0 0.45068359375 0.6630859375 0.0869140625 0.1171875
0 0.9375 0.88232421875 0.0703125 0.0966796875
0 0.5810546875 0.45751953125 0.095703125 0.1259765625
0 0.3193359375 0.14453125 0.109375 0.099609375
0 0.580078125 0.85302734375 0.1484375 0.1220703125
0 0.525390625 0.6962890625 0.091796875 0.099609375
0 0.97119140625 0.9482421875 0.0556640625 0.1015625
0 0.4921875 0.85107421875 0.115234375 0.0869140625
0 0.1298828125 0.79248046875 0.095703125 0.1787109375
0 0.1474609375 0.16650390625 0.1015625 0.0673828125
0 0.29345703125 0.0517578125 0.1220703125 0.103515625
0 0.42578125 0.0556640625 0.134765625 0.08984375
0 0.94140625 0.55908203125 0.115234375 0.1826171875
0 0.75244140625 0.42333984375 0.1162109375 0.1240234375
0 0.50830078125 0.30859375 0.0654296875 0.0625
