0 0.86767578125 0.9375 0.0849609375 0.1171875
0 0.6572265625 0.25537109375 0.083984375 0.0634765625
0 0.62744140625 0.9541015625 0.0849609375 0.0703125
0 0.2314453125 0.66845703125 0.138671875 0.0927734375
0 0.93359375 0.31494140625 0.130859375 0.1396484375
0 0.498046875 0.76123046875 0.091796875 0.1123046875
0 0.43310546875 0.74462890625 0.0771484375 0.1083984375
0 0.8916015625 0.63330078125 0.177734375 0.1162109375
0 0.09765625 0.67333984375 0.072265625 0.0771484375
0 0.30224609375 0.34765625 0.0947265625 0.11328125
0 0.80859375 0.8671875 0.107421875 0.158203125
0 0.75830078125 0.2373046875 0.1044921875 0.19140625
0 0.0302734375 0.17138671875 0.060546875 0.1181640625
0 0.47314453125 0.33154296875 0.1904296875 0.1083984375
0 0.96728515625 0.0322265625 0.0634765625 0.060546875
0 0.2529296875 0.9345703125 0.111328125 0.111328125
0 0.7099609375 0.36376953125 0.126953125 0.1064453125
0 0.2021484375 0.72802734375 0.083984375 0.1005859375
0 0.3173828125 0.07861328125 0.0859375 0.0986328125
0 0.45458984375 0.20458984375 0.0947265625 0.1396484375
0 0.79638671875 0.052734375 0.1123046875 0.09765625
0 0.6044921875 0.35009765625 0.099609375 0.0693359375
0 0.529296875 0.0732421875 0.078125 0.146484375
0 0.24951171875 0.14990234375 0.0849609375 0.0966796875
0 0.0751953125 0.04345703125 0.150390625 0.0810546875
0 0.16064453125 0.3349609375 0.1123046875 0.111328125
0 0.95361328125 0.3310546875 0.0908203125 0.107421875
0 0.85595703125 0.71826171875 0.2197265625 0.0712890625
0 0.1396484375 0.9404296875 0.1484375 0.099609375
