0 0.39404296875 0.4814453125 0.0712890625 0.1484375
0 0.74267578125 0.02197265625 0.1630859375 0.0439453125
0 0.5869140625 0.04248046875 0.12109375 0.0810546875
0 0.72802734375 0.650390625 0.0830078125 0.18359375
0 0.75927734375 0.212890625 0.2763671875 0.076171875
0 0.6904296875 0.37939453125 0.0703125 0.1142578125
0 0.94775390625 0.28369140625 0.1025390625 0.1083984375
0 0.3173828125 0.80517578125 0.08984375 0.0869140625
0 0.63427734375 0.88818359375 0.1298828125 0.1318359375
0 0.98095703125 0.70947265625 0.0361328125 0.1376953125
0 0.21533203125 0.85205078125 0.1005859375 0.2138671875
0 0.63037109375 0.48876953125 0.2255859375 0.1982421875
0 0.9833984375 0.18798828125 0.033203125 0.1123046875
0 0.3017578125 0.6025390625 0.140625 0.146484375
0 0.5546875 0.38427734375 0.1171875 0.1787109375
0 0.56005859375 0.85888671875 0.1123046875 0.1064453125
0 0.15625 0.94921875 0.15234375 0.09765625
0 0.08984375 0.30810546875 0.095703125 0.1904296875
0 0.21533203125 0.70263671875 0.2138671875 0.1083984375
0 0.7705078125 0.95849609375 0.138671875 0.0830078125
0 0.7001953125 0.8876953125 0.10546875 0.072265625
0 0.83056640625 0.67333984375 0.1826171875 0.1943359375
0 0.53515625 0.14599609375 0.19921875 0.1787109375
0 0.9736328125 0.11279296875 0.048828125 0.0615234375
0 0.06005859375 0.357421875 0.0419921875 0.09375
0 0.87744140625 0.56787109375 0.0908203125 0.1103515625
0 0.7373046875 0.11328125 0.197265625 0.22265625
0 0.830078125 0.43896484375 0.09375 0.1416015625
0 0.32421875 0.95166015625 0.091796875 0.0947265625
0 0.9462890625 0.6103515625 0.10546875 0.109375
0 0.13671875 0.31640625 0.060546875 0.126953125
0 0.9599609375 0.041015625 0.078125 0.080078125
