0 0.96240234375 0.03173828125 0.0732421875 0.0634765625
0 0.57763671875 0.40625 0.1396484375 0.1171875
0 0.34912109375 0.119140625 0.0908203125 0.115234375
0 0.03564453125 0.7763671875 0.0712890625 0.150390625
0 0.1142578125 0.9462890625 0.18359375 0.107421875
0 0.25830078125 0.529296875 0.0888671875 0.138671875
0 0.4931640625 0.6943359375 0.099609375 0.09765625
0 0.0625 0.86669921875 0.125 0.0888671875
0 0.11669921875 0.5224609375 0.1904296875 0.130859375
0 0.021484375 0.17138671875 0.041015625 0.0634765625
0 0.1064453125 0.05078125 0.212890625 0.1015625
0 0.916015625 0.93310546875 0.1171875 0.1298828125
0 0.1103515625 0.15625 0.078125 0.08203125
0 0.958984375 0.34033203125 0.080078125 0.0888671875
0 0.44482421875 0.4619140625 0.1552734375 0.103515625
0 0.87255859375 0.58544921875 0.1083984375 0.1220703125
0 0.97998046875 0.26220703125 0.0380859375 0.0654296875
0 0.3134765625 0.75048828125 0.109375 0.2294921875
0 0.2060546875 0.70947265625 0.1015625 0.1767578125
0 0.71142578125 0.962890625 0.0751953125 0.072265625
0 0.50341796875 0.884765625 0.0888671875 0.166015625
0 0.84423828125 0.36767578125 0.0712890625 0.0869140625
0 0.9560546875 0.72607421875 0.0859375 0.1279296875
