0 0.08349609375 0.24560546875 0.0732421875 0.0673828125
0 0.83642578125 0.3955078125 0.1005859375 0.06640625
0 0.41943359375 0.68359375 0.0712890625 0.134765625
0 0.06103515625 0.75146484375 0.1220703125 0.1494140625
0 0.7255859375 0.47607421875 0.111328125 0.0966796875
0 0.95751953125 0.29345703125 0.0830078125 0.1162109375
0 0.537109375 0.65576171875 0.142578125 0.2373046875
0 0.642578125 0.68359375 0.078125 0.115234375
0 0.8701171875 0.95458984375 0.0859375 0.0869140625
0 0.61962890625 0.82421875 0.0791015625 0.205078125
0 0.65087890625 0.18798828125 0.0595703125 0.0830078125
0 0.6796875 0.9541015625 0.0625 0.087890625
0 0.2158203125 0.97509765625 0.095703125 0.0478515625
0 0.92333984375 0.451171875 0.0693359375 0.109375
0 0.322265625 0.1650390625 0.068359375 0.060546875
0 0.96826171875 0.06884765625 0.0615234375 0.1083984375
0 0.6396484375 0.41357421875 0.10546875 0.0966796875
0 0.45556640625 0.8525390625 0.1689453125 0.162109375
0 0.77783203125 0.96044921875 0.0869140625 0.0751953125
0 0.052734375 0.83984375 0.09765625 0.078125
0 0.255859375 0.48486328125 0.078125 0.1220703125
0 0.0361328125 0.93505859375 0.072265625 0.0751953125
0 0.0322265625 0.70361328125 0.064453125 0.0947265625
0 0.10693359375 0.15673828125 0.1435546875 0.0908203125
0 0.56787109375 0.1123046875 0.0810546875 0.10546875
0 0.2216796875 0.28759765625 0.11328125 0.0947265625
0 0.2666015625 0.138671875 0.099609375 0.095703125
0 0.1513671875 0.47705078125 0.158203125 0.0712890625
0 0.8359375 0.51123046875 0.095703125 0.1552734375
0 0.181640625 0.783203125 0.107421875 0.23046875
0 0.826171875 0.81103515625 0.07421875 0.0927734375
