0 0.55126953125 0.84228515625 0.0654296875 0.0771484375
0 0.07763671875 0.27001953125 0.1552734375 0.1650390625
0 0.0546875 0.70263671875 0.109375 0.0771484375
0 0.693359375 0.51513671875 0.078125 0.0908203125
0 0.89501953125 0.947265625 0.1298828125 0.103515625
0 0.8525390625 0.244140625 0.162109375 0.146484375
0 0.61669921875 0.10693359375 0.0732421875 0.0576171875
0 0.60595703125 0.04736328125 0.0810546875 0.0732421875
0 0.4423828125 0.9306640625 0.091796875 0.115234375
0 0.71337890625 0.81640625 0.0966796875 0.119140625
0 0.7197265625 0.04931640625 0.087890625 0.0966796875
0 0.52197265625 0.962890625 0.0908203125 0.072265625
0 0.42138671875 0.06103515625 0.1396484375 0.1142578125
0 0.921875 0.04150390625 0.154296875 0.0830078125
0 0.68115234375 0.96630859375 0.0869140625 0.0673828125
0 0.25830078125 0.24755859375 0.1376953125 0.1025390625
0 0.27783203125 0.3701171875 0.1669921875 0.12109375
0 0.47265625 0.82763671875 0.119140625 0.1298828125
0 0.1923828125 0.33154296875 0.171875 0.1162109375
0 0.3427734375 0.7001953125 0.072265625 0.06640625
