0 0.4072265625 0.7626953125 0.140625 0.119140625
0 0.5556640625 0.09130859375 0.1328125 0.0771484375
0 0.337890625 0.9560546875 0.09375 0.0859375
0 0.4970703125 0.94140625 0.12890625 0.109375
0 0.49658203125 0.341796875 0.1416015625 0.130859375
0 0.15869140625 0.93359375 0.0712890625 0.130859375
0 0.42041015625 0.21728515625 0.0927734375 0.1220703125
0 0.587890625 0.947265625 0.095703125 0.103515625
0 0.64306640625 0.767578125 0.2001953125 0.08984375
0 0.65234375 0.14794921875 0.142578125 0.0791015625
0 0.37158203125 0.33203125 0.0869140625 0.095703125
0 0.80517578125 0.873046875 0.0888671875 0.1328125
0 0.40869140625 0.0478515625 0.0947265625 0.095703125
0 0.6455078125 0.0966796875 0.12890625 0.044921875
0 0.77294921875 0.13671875 0.1298828125 0.103515625
0 0.962890625 0.06298828125 0.072265625 0.1220703125
0 0.97216796875 0.65673828125 0.0517578125 0.0927734375
0 0.16845703125 0.69384765625 0.1181640625 0.1220703125
0 0.2021484375 0.20458984375 0.125 0.1494140625
0 0.7373046875 0.0341796875 0.0859375 0.068359375
0 0.72216796875 0.5712890625 0.1103515625 0.19140625
0 0.19189453125 0.44091796875 0.1455078125 0.1513671875
0 0.5439453125 0.23046875 0.1015625 0.115234375
0 0.48681640625 0.7421875 0.0830078125 0.171875
0 0.55908203125 0.62451171875 0.1240234375 0.1103515625
0 0.85107421875 0.17919921875 0.1064453125 0.1103515625
0 0.0966796875 0.19775390625 0.083984375 0.0869140625
