0 0.94189453125 0.560546875 0.0869140625 0.083984375
0 0.46435546875 0.97412109375 0.0830078125 0.0498046875
0 0.279296875 0.7451171875 0.0625 0.064453125
0 0.10400390625 0.037109375 0.0947265625 0.07421875
0 0.15625 0.33203125 0.13671875 0.08203125
0 0.404296875 0.81689453125 0.08984375 0.1044921875
0 0.3251953125 0.78173828125 0.07421875 0.1162109375
0 0.88330078125 0.97412109375 0.1455078125 0.0478515625
0 0.07421875 0.8837890625 0.1015625 0.111328125
0 0.82763671875 0.15283203125 0.0888671875 0.1103515625
0 0.05419921875 0.75244140625 0.1083984375 0.2041015625
0 0.78369140625 0.59228515625 0.0927734375 0.0537109375
0 0.6220703125 0.12158203125 0.068359375 0.0712890625
0 0.8203125 0.03515625 0.099609375 0.068359375
0 0.1748046875 0.54052734375 0.087890625 0.0849609375
0 0.22607421875 0.57958984375 0.0947265625 0.1083984375
0 0.2158203125 0.6962890625 0.0859375 0.0625
0 0.77392578125 0.54541015625 0.0791015625 0.0458984375
0 0.81005859375 0.22412109375 0.1669921875 0.1220703125
0 0.28759765625 0.1318359375 0.0966796875 0.099609375
0 0.65185546875 0.53955078125 0.0966796875 0.1806640625
0 0.21728515625 0.94091796875 0.0849609375 0.0771484375
