0 0.17236328125 0.80224609375 0.0927734375 0.0966796875
0 0.04541015625 0.2900390625 0.0908203125 0.1015625
0 0.74267578125 0.40380859375 0.1748046875 0.1611328125
0 0.68017578125 0.37744140625 0.1220703125 0.1279296875
0 0.8115234375 0.9482421875 0.123046875 0.087890625
0 0.13525390625 0.025390625 0.1083984375 0.05078125
0 0.04833984375 0.78515625 0.0966796875 0.14453125
0 0.59326171875 0.20654296875 0.1435546875 0.0830078125
0 0.94970703125 0.02783203125 0.0986328125 0.0498046875
0 0.66015625 0.5390625 0.111328125 0.087890625
0 0.04443359375 0.08203125 0.0888671875 0.119140625
0 0.49755859375 0.4521484375 0.1142578125 0.08203125
0 0.67919921875 0.1376953125 0.1376953125 0.138671875
0 0.3359375 0.72998046875 0.1015625 0.0888671875
0 0.083984375 0.951171875 0.091796875 0.095703125
0 0.7177734375 0.5517578125 0.041015625 0.125
0 0.5712890625 0.447265625 0.15234375 0.14453125
0 0.95068359375 0.24072265625 0.0966796875 0.1396484375
0 0.17529296875 0.97705078125 0.0615234375 0.0400390625
0 0.89306640625 0.515625 0.1142578125 0.12109375
0 0.33056640625 0.2236328125 0.0693359375 0.060546875
0 0.1123046875 0.06640625 0.07421875 0.1328125
0 0.82275390625 0.421875 0.2021484375 0.11328125
0 0.96044921875 0.92919921875 0.0791015625 0.0908203125
0 0.07666015625 0.57666015625 0.1533203125 0.1259765625
0 0.76025390625 0.58837890625 0.1123046875 0.0927734375
0 0.791015625 0.1796875 0.119140625 0.099609375
