0 0.435546875 0.4765625 0.095703125 0.0859375
0 0.126953125 0.27001953125 0.166015625 0.0927734375
0 0.46923828125 0.7978515625 0.1064453125 0.11328125
0 0.19189453125 0.83447265625 0.3388671875 0.1123046875
0 0.43310546875 0.0703125 0.0888671875 0.07421875
0 0.0673828125 0.9208984375 0.0859375 0.083984375
0 0.52587890625 0.1298828125 0.0908203125 0.076171875
0 0.5908203125 0.62548828125 0.103515625 0.0849609375
0 0.68798828125 0.5419921875 0.0830078125 0.126953125
0 0.123046875 0.658203125 0.169921875 0.11328125
0 0.892578125 0.5654296875 0.09375 0.099609375
0 0.642578125 0.771484375 0.103515625 0.13671875
0 0.56591796875 0.078125 0.1103515625 0.072265625
0 0.9052734375 0.04931640625 0.103515625 0.0986328125
0 0.03515625 0.31298828125 0.0703125 0.1220703125
0 0.71533203125 0.9677734375 0.1220703125 0.060546875
0 0.49951171875 0.28173828125 0.0791015625 0.1416015625
0 0.43408203125 0.3212890625 0.0908203125 0.099609375
0 0.435546875 0.38623046875 0.142578125 0.0947265625
0 0.96826171875 0.3935546875 0.0419921875 0.16015625
0 0.0458984375 0.5546875 0.091796875 0.12109375
0 0.70458984375 0.1328125 0.1416015625 0.091796875
0 0.705078125 0.39013671875 0.060546875 0.0751953125
0 0.44482421875 0.54541015625 0.1767578125 0.0751953125
