0 0.5224609375 0.70458984375 0.15625 0.1298828125
0 0.693359375 0.10302734375 0.119140625 0.0947265625
0 0.515625 0.39111328125 0.134765625 0.1044921875
0 0.72412109375 0.79248046875 0.0849609375 0.0712890625
0 0.90966796875 0.3671875 0.1748046875 0.07421875
0 0.2412109375 0.701171875 0.240234375 0.107421875
0 0.9443359375 0.26171875 0.109375 0.068359375
0 0.19384765625 0.61669921875 0.0927734375 0.1064453125
0 0.92333984375 0.169921875 0.1513671875 0.146484375
0 0.64453125 0.02734375 0.123046875 0.052734375
0 0.17431640625 0.09521484375 0.1728515625 0.1123046875
0 0.12255859375 0.96826171875 0.0966796875 0.0615234375
0 0.908203125 0.81201171875 0.099609375 0.0771484375
0 0.88427734375 0.451171875 0.1044921875 0.078125
0 0.47900390625 0.80908203125 0.0830078125 0.1142578125
0 0.9169921875 0.56640625 0.126953125 0.0625
0 0.3916015625 0.02294921875 0.072265625 0.0439453125
0 0.541015625 0.58251953125 0.203125 0.1630859375
0 0.19482421875 0.03076171875 0.0732421875 0.0615234375
0 0.9189453125 0.11669921875 0.16015625 0.1455078125
0 0.27392578125 0.1689453125 0.0908203125 0.1015625
0 0.6962890625 0.61572265625 0.12890625 0.0830078125
