0 0.69970703125 0.2353515625 0.0947265625 0.1015625
0 0.7822265625 0.8505859375 0.08203125 0.12109375
0 0.6240234375 0.3515625 0.11328125 0.12109375
0 0.0673828125 0.130859375 0.107421875 0.080078125
0 0.3046875 0.28515625 0.083984375 0.1328125
0 0.92529296875 0.1298828125 0.1416015625 0.125
0 0.55908203125 0.04345703125 0.1162109375 0.0869140625
0 0.2705078125 0.11279296875 0.15234375 0.1279296875
0 0.79736328125 0.47607421875 0.1240234375 0.0771484375
0 0.95654296875 0.2333984375 0.0849609375 0.083984375
0 0.32421875 0.380859375 0.107421875 0.091796875
0 0.49853515625 0.2080078125 0.1318359375 0.11328125
0 0.08154296875 0.45263671875 0.1259765625 0.0712890625
0 0.0595703125 0.68994140625 0.083984375 0.1689453125
0 0.47412109375 0.8251953125 0.0673828125 0.07421875
0 0.841796875 0.5458984375 0.09765625 0.09765625
0 0.87646484375 0.28125 0.0888671875 0.109375
0 0.30712890625 0.78271484375 0.1416015625 0.1162109375
0 0.70556640625 0.12060546875 0.1240234375 0.1103515625
0 0.14697265625 0.837890625 0.1357421875 0.1328125
0 0.9677734375 0.70166015625 0.060546875 0.1220703125
0 0.5185546875 0.33154296875 0.15625 0.1123046875
