0 0.12890625 0.82080078125 0.083984375 0.0849609375
0 0.0224609375 0.82421875 0.044921875 0.087890625
0 0.90576171875 0.06640625 0.0869140625 0.080078125
0 0.6328125 0.4013671875 0.111328125 0.08203125
0 0.1962890625 0.29541015625 0.08203125 0.0966796875
0 0.91845703125 0.904296875 0.0869140625 0.083984375
0 0.494140625 0.87646484375 0.09765625 0.0888671875
0 0.11962890625 0.4306640625 0.1357421875 0.109375
0 0.02294921875 0.2841796875 0.0458984375 0.078125
0 0.69189453125 0.169921875 0.1181640625 0.1640625
0 0.2861328125 0.9580078125 0.08984375 0.08203125
0 0.5400390625 0.666015625 0.0859375 0.126953125
0 0.51611328125 0.33740234375 0.0595703125 0.0771484375
0 0.03173828125 0.08837890625 0.0634765625 0.0615234375
0 0.5556640625 0.1396484375 0.09765625 0.10546875
0 0.22705078125 0.8525390625 0.0693359375 0.0859375
0 0.97607421875 0.2890625 0.0458984375 0.099609375
0 0.849609375 0.94921875 0.076171875 0.09765625
0 0.5849609375 0.4521484375 0.08203125 0.048828125
0 0.525390625 0.26220703125 0.103515625 0.0830078125
0 0.779296875 0.01953125 0.07421875 0.0390625
0 0.04443359375 0.3544921875 0.0888671875 0.0859375
0 0.46923828125 0.630859375 0.0927734375 0.080078125
0 0.71923828125 0.3095703125 0.0888671875 0.083984375
0 0.28173828125 0.8095703125 0.0810546875 0.103515625
0 0.2646484375 0.06982421875 0.09765625 0.0791015625
