0 0.3642578125 0.6455078125 0.099609375 0.123046875
0 0.265625 0.84814453125 0.11328125 0.1083984375
0 0.42138671875 0.43017578125 0.0869140625 0.1025390625
0 0.90771484375 0.40966796875 0.0810546875 0.0849609375
0 0.49462890625 0.8642578125 0.0830078125 0.1171875
0 0.94775390625 0.2099609375 0.1025390625 0.10546875
0 0.970703125 0.14111328125 0.056640625 0.0888671875
0 0.94921875 0.5068359375 0.072265625 0.087890625
0 0.55712890625 0.6533203125 0.0966796875 0.12890625
0 0.7568359375 0.39794921875 0.095703125 0.0986328125
0 0.09814453125 0.36181640625 0.1181640625 0.0986328125
0 0.51953125 0.04345703125 0.103515625 0.0869140625
0 0.431640625 0.08203125 0.08984375 0.126953125
0 0.89306640625 0.13232421875 0.0810546875 0.0849609375
0 0.71240234375 0.48486328125 0.0869140625 0.0830078125
0 0.3037109375 0.74560546875 0.115234375 0.0654296875
0 0.5439453125 0.81640625 0.076171875 0.076171875
0 0.0771484375 0.44140625 0.126953125 0.09765625
0 0.08837890625 0.18359375 0.1318359375 0.0859375
0 0.328125 0.0283203125 0.123046875 0.0546875
0 0.98095703125 0.41455078125 0.0361328125 0.0849609375
0 0.60546875 0.84423828125 0.111328125 0.0908203125
0 0.0888671875 0.76611328125 0.06640625 0.0595703125
0 0.5537109375 0.93603515625 0.076171875 0.1259765625
0 0.41015625 0.83984375 0.130859375 0.119140625
0 0.1279296875 0.66455078125 0.103515625 0.1318359375
0 0.654296875 0.91845703125 0.103515625 0.1201171875
