0 0.49072265625 0.8818359375 0.1142578125 0.109375
0 0.28271484375 0.24755859375 0.0986328125 0.0830078125
0 0.85693359375 0.41748046875 0.0830078125 0.0751953125
0 0.6630859375 0.80517578125 0.12890625 0.1259765625
0 0.1328125 0.15087890625 0.083984375 0.0830078125
0 0.95654296875 0.67626953125 0.0849609375 0.1337890625
0 0.97412109375 0.1083984375 0.0517578125 0.08203125
0 0.3232421875 0.5517578125 0.140625 0.07421875
0 0.2421875 0.67529296875 0.125 0.1064453125
0 0.11865234375 0.0283203125 0.0810546875 0.052734375
0 0.2373046875 0.4013671875 0.103515625 0.091796875
0 0.80517578125 0.806640625 0.1103515625 0.14453125
0 0.48193359375 0.1796875 0.0888671875 0.07421875
0 0.12744140625 0.94580078125 0.1865234375 0.1025390625
0 0.953125 0.34326171875 0.091796875 0.0830078125
0 0.5537109375 0.81396484375 0.080078125 0.0810546875
0 0.9794921875 0.51708984375 0.0390625 0.1025390625
0 0.37548828125 0.30322265625 0.1064453125 0.1376953125
0 0.50634765625 0.10400390625 0.2099609375 0.1220703125
