0 0.47509765625 0.72119140625 0.0732421875 0.1142578125
0 0.28515625 0.55224609375 0.080078125 0.0732421875
0 0.7587890625 0.02783203125 0.07421875 0.0556640625
0 0.49560546875 0.2568359375 0.0888671875 0.08984375
0 0.9287109375 0.80712890625 0.05859375 0.1005859375
0 0.58837890625 0.53125 0.0673828125 0.08203125
0 0.3291015625 0.9189453125 0.08203125 0.14453125
0 0.8359375 0.8974609375 0.07421875 0.140625
0 0.580078125 0.74609375 0.083984375 0.08203125
0 0.07958984375 0.3916015625 0.1279296875 0.119140625
0 0.25341796875 0.92919921875 0.1259765625 0.1181640625
0 0.109375 0.546875 0.07421875 0.087890625
0 0.681640625 0.48974609375 0.095703125 0.1123046875
0 0.71484375 0.1982421875 0.083984375 0.0625
0 0.50341796875 0.533203125 0.0927734375 0.125
0 0.44091796875 0.185546875 0.1259765625 0.080078125
0 0.71875 0.12109375 0.091796875 0.109375
0 0.8837890625 0.86181640625 0.060546875 0.0595703125
0 0.3095703125 0.10009765625 0.095703125 0.1064453125
0 0.0390625 0.92431640625 0.078125 0.0947265625
0 0.2001953125 0.10009765625 0.068359375 0.0869140625
0 0.28564453125 0.46044921875 0.0810546875 0.0771484375
0 0.85498046875 0.69189453125 0.0888671875 0.0869140625
0 0.3974609375 0.4248046875 0.10546875 0.09765625
0 0.73046875 0.78466796875 0.1328125 0.1337890625
