0 0.50341796875 0.423828125 0.0927734375 0.138671875
0 0.93310546875 0.337890625 0.1298828125 0.072265625
0 0.93701171875 0.57568359375 0.1240234375 0.0634765625
0 0.2294921875 0.736328125 0.099609375 0.099609375
0 0.17138671875 0.4365234375 0.0908203125 0.1015625
0 0.75830078125 0.083984375 0.2275390625 0.16796875
0 0.61474609375 0.7451171875 0.0693359375 0.126953125
0 0.6435546875 0.4150390625 0.14453125 0.193359375
0 0.03955078125 0.82177734375 0.0791015625 0.1669921875
0 0.58349609375 0.541015625 0.2255859375 0.12890625
0 0.44287109375 0.95703125 0.0966796875 0.080078125
0 0.6015625 0.88623046875 0.09375 0.0849609375
0 0.458984375 0.27587890625 0.13671875 0.0810546875
0 0.87548828125 0.7978515625 0.1611328125 0.09375
0 0.412109375 0.669921875 0.0625 0.0703125
0 0.69775390625 0.8642578125 0.1201171875 0.1015625
0 0.51806640625 0.70458984375 0.1826171875 0.1162109375
0 0.55029296875 0.12890625 0.1474609375 0.251953125
0 0.97021484375 0.80029296875 0.0576171875 0.0908203125
0 0.25341796875 0.6484375 0.0751953125 0.18359375
0 0.6767578125 0.96240234375 0.078125 0.0712890625
0 0.41259765625 0.50732421875 0.0830078125 0.1357421875
0 0.94921875 0.9306640625 0.09375 0.134765625
0 0.48828125 0.83740234375 0.126953125 0.0947265625
0 0.27197265625 0.80712890625 0.0693359375 0.0673828125
0 0.5986328125 0.46728515625 0.06640625 0.0732421875
0 0.32421875 0.578125 0.18359375 0.2421875
0 0.27099609375 0.13232421875 0.0771484375 0.0947265625
0 0.8525390625 0.28369140625 0.25 0.0927734375
0 0.2724609375 0.9013671875 0.080078125 0.119140625
0 0.05029296875 0.63720703125 0.1005859375 0.1064453125
