0 0.79296875 0.57958984375 0.0703125 0.0771484375
0 0.10400390625 0.0419921875 0.1201171875 0.083984375
0 0.04931640625 0.9482421875 0.0986328125 0.1015625
0 0.1455078125 0.89404296875 0.14453125 0.0908203125
0 0.89013671875 0.6767578125 0.0908203125 0.15625
0 0.0625 0.701171875 0.125 0.1015625
0 0.68115234375 0.5234375 0.0673828125 0.072265625
0 0.68408203125 0.87255859375 0.1083984375 0.1708984375
0 0.44189453125 0.6630859375 0.1142578125 0.068359375
0 0.6953125 0.345703125 0.08203125 0.091796875
0 0.81640625 0.412109375 0.09765625 0.171875
0 0.1572265625 0.939453125 0.099609375 0.119140625
0 0.55810546875 0.671875 0.0927734375 0.072265625
0 0.548828125 0.15478515625 0.126953125 0.0830078125
0 0.74169921875 0.12939453125 0.1201171875 0.1005859375
0 0.97216796875 0.2861328125 0.0556640625 0.0859375
0 0.25830078125 0.22265625 0.1005859375 0.095703125
0 0.18310546875 0.09375 0.0947265625 0.08984375
0 0.88671875 0.86669921875 0.220703125 0.1435546875
0 0.744140625 0.05810546875 0.06640625 0.0869140625
0 0.509765625 0.6142578125 0.08203125 0.083984375
0 0.07275390625 0.23095703125 0.1455078125 0.0791015625
0 0.44482421875 0.80859375 0.1337890625 0.091796875
0 0.05517578125 0.837890625 0.0419921875 0.119140625
0 0.29248046875 0.08251953125 0.1025390625 0.1611328125
0 0.3857421875 0.19140625 0.083984375 0.09765625
0 0.03271484375 0.765625 0.0654296875 0.08203125
