0 0.07275390625 0.5654296875 0.1162109375 0.099609375
0 0.6640625 0.8154296875 0.07421875 0.126953125
0 0.9287109375 0.1328125 0.142578125 0.056640625
0 0.97509765625 0.4970703125 0.0478515625 0.138671875
0 0.93359375 0.95751953125 0.07421875 0.0810546875
0 0.33349609375 0.59423828125 0.0986328125 0.1552734375
0 0.03564453125 0.7177734375 0.0712890625 0.21484375
0 0.86669921875 0.27734375 0.0927734375 0.30078125
0 0.63232421875 0.669921875 0.2197265625 0.13671875
0 0.7548828125 0.1904296875 0.08203125 0.078125
0 0.759765625 0.94482421875 0.08203125 0.0908203125
0 0.17919921875 0.3779296875 0.1142578125 0.126953125
0 0.55908203125 0.1083984375 0.1708984375 0.208984375
0 0.63623046875 0.9423828125 0.1318359375 0.111328125
0 0.19921875 0.90380859375 0.111328125 0.0908203125
0 0.34228515625 0.75830078125 0.0634765625 0.0869140625
0 0.08349609375 0.09228515625 0.0927734375 0.0888671875
0 0.9287109375 0.0771484375 0.138671875 0.060546875
0 0.2509765625 0.53125 0.1015625 0.078125
0 0.45751953125 0.64208984375 0.1201171875 0.0830078125
