0 0.279296875 0.91943359375 0.076171875 0.1416015625
0 0.86669921875 0.4345703125 0.0810546875 0.1328125
0 0.18359375 0.669921875 0.166015625 0.083984375
0 0.72802734375 0.12060546875 0.1064453125 0.1103515625
0 0.06640625 0.48681640625 0.1328125 0.1337890625
0 0.064453125 0.20361328125 0.1171875 0.2021484375
0 0.03076171875 0.884765625 0.0615234375 0.16796875
0 0.595703125 0.59375 0.107421875 0.095703125
0 0.93701171875 0.42919921875 0.0947265625 0.2119140625
0 0.4775390625 0.89990234375 0.265625 0.1572265625
0 0.1708984375 0.8642578125 0.12109375 0.1953125
0 0.42919921875 0.38818359375 0.0751953125 0.1044921875
0 0.3525390625 0.62451171875 0.134765625 0.1103515625
0 0.85205078125 0.29833984375 0.0966796875 0.0810546875
0 0.92041015625 0.9208984375 0.1181640625 0.083984375
0 0.20849609375 0.18603515625 0.2158203125 0.1845703125
0 0.20849609375 0.97021484375 0.0634765625 0.0576171875
0 0.71044921875 0.62939453125 0.1337890625 0.0712890625
0 0.23779296875 0.62109375 0.1982421875 0.10546875
0 0.3984375 0.95166015625 0.08203125 0.0927734375
0 0.02734375 0.091796875 0.0546875 0.078125
0 0.4326171875 0.18310546875 0.076171875 0.1611328125
0 0.43408203125 0.90673828125 0.1533203125 0.1826171875
0 0.86279296875 0.09375 0.0732421875 0.08203125
0 0.89208984375 0.15869140625 0.1123046875 0.0869140625
0 0.92041015625 0.62744140625 0.0947265625 0.1259765625
0 0.6494140625 0.21435546875 0.240234375 0.1884765625
0 0.59521484375 0.96923828125 0.1748046875 0.0615234375
0 0.72509765625 0.5654296875 0.2509765625 0.115234375
0 0.57568359375 0.78173828125 0.0986328125 0.0927734375
0 0.20751953125 0.32568359375 0.0927734375 0.1689453125
0 0.5625 0.06591796875 0.10546875 0.0908203125
