0 0.42431640625 0.86083984375 0.0732421875 0.0791015625
0 0.501953125 0.94384765625 0.083984375 0.0673828125
0 0.91796875 0.40087890625 0.126953125 0.1259765625
0 0.2216796875 0.7734375 0.08203125 0.078125
0 0.63134765625 0.609375 0.1259765625 0.271484375
0 0.033203125 0.5712890625 0.06640625 0.10546875
0 0.1982421875 0.89794921875 0.05859375 0.0615234375
0 0.89697265625 0.70556640625 0.0712890625 0.1005859375
0 0.57666015625 0.84912109375 0.0556640625 0.0634765625
0 0.8828125 0.505859375 0.15234375 0.078125
0 0.0185546875 0.32177734375 0.037109375 0.1181640625
0 0.609375 0.3857421875 0.1328125 0.060546875
0 0.5078125 0.47119140625 0.06640625 0.0693359375
0 0.9716796875 0.5908203125 0.052734375 0.08984375
0 0.2734375 0.35888671875 0.107421875 0.0849609375
0 0.3837890625 0.6796875 0.056640625 0.068359375
0 0.39892578125 0.396484375 0.0966796875 0.1875
0 0.63134765625 0.19970703125 0.0927734375 0.1298828125
0 0.3330078125 0.1884765625 0.068359375 0.12109375
0 0.5498046875 0.318359375 0.19921875 0.177734375
0 0.32763671875 0.1201171875 0.1396484375 0.08984375
0 0.546875 0.55224609375 0.095703125 0.0751953125
0 0.87109375 0.84619140625 0.12890625 0.1123046875
0 0.56591796875 0.96044921875 0.1005859375 0.0791015625
0 0.94970703125 0.30615234375 0.0986328125 0.1142578125
0 0.0283203125 0.4072265625 0.056640625 0.125
0 0.24267578125 0.5068359375 0.0576171875 0.06640625
