0 0.09326171875 0.91552734375 0.1279296875 0.0791015625
0 0.404296875 0.57421875 0.0859375 0.08203125
0 0.232421875 0.251953125 0.0859375 0.080078125
0 0.4951171875 0.2802734375 0.12109375 0.09765625
0 0.05126953125 0.98095703125 0.1025390625 0.0361328125
0 0.14501953125 0.6953125 0.0791015625 0.123046875
0 0.38134765625 0.44921875 0.0830078125 0.126953125
0 0.6728515625 0.04150390625 0.0703125 0.0791015625
0 0.20556640625 0.9375 0.1767578125 0.125
0 0.35888671875 0.58349609375 0.1142578125 0.1298828125
0 0.39404296875 0.79833984375 0.2177734375 0.1064453125
0 0.830078125 0.6865234375 0.111328125 0.09765625
0 0.69189453125 0.94140625 0.0927734375 0.1171875
0 0.04443359375 0.19482421875 0.0888671875 0.1083984375
0 0.279296875 0.185546875 0.09375 0.12890625
0 0.56787109375 0.67431640625 0.1337890625 0.0947265625
0 0.96533203125 0.93798828125 0.0673828125 0.1181640625
0 0.31298828125 0.47216796875 0.0791015625 0.1181640625
0 0.33544921875 0.0791015625 0.1337890625 0.091796875
0 0.60302734375 0.07763671875 0.1064453125 0.1337890625
0 0.63720703125 0.57470703125 0.0947265625 0.0927734375
0 0.0966796875 0.51123046875 0.107421875 0.1005859375
0 0.08642578125 0.9755859375 0.0595703125 0.041015625
0 0.21826171875 0.69921875 0.0537109375 0.0859375
0 0.59228515625 0.45703125 0.0947265625 0.078125
0 0.666015625 0.39111328125 0.08984375 0.1416015625
0 0.36083984375 0.29150390625 0.0986328125 0.1005859375
0 0.2294921875 0.8505859375 0.099609375 0.078125
