0 0.16943359375 0.68115234375 0.1513671875 0.1083984375
0 0.78466796875 0.21484375 0.0888671875 0.099609375
0 0.81298828125 0.67431640625 0.1064453125 0.1044921875
0 0.06494140625 0.3134765625 0.1298828125 0.115234375
0 0.32373046875 0.287109375 0.1728515625 0.07421875
0 0.36474609375 0.95751953125 0.0927734375 0.0810546875
0 0.23046875 0.7373046875 0.1015625 0.12109375
0 0.37109375 0.12939453125 0.109375 0.1279296875
0 0.32958984375 0.134765625 0.0947265625 0.09765625
0 0.0595703125 0.48974609375 0.119140625 0.1220703125
0 0.17724609375 0.60498046875 0.0908203125 0.0986328125
0 0.09228515625 0.85595703125 0.1279296875 0.0830078125
0 0.85791015625 0.4189453125 0.1787109375 0.119140625
0 0.90380859375 0.86962890625 0.1064453125 0.1611328125
0 0.84765625 0.166015625 0.115234375 0.087890625
0 0.46435546875 0.10888671875 0.1123046875 0.1201171875
0 0.8544921875 0.0341796875 0.091796875 0.068359375
0 0.9228515625 0.140625 0.0703125 0.091796875
0 0.67431640625 0.0859375 0.1630859375 0.12890625
0 0.1337890625 0.07080078125 0.11328125 0.1416015625
0 0.31982421875 0.63818359375 0.1279296875 0.0966796875
0 0.3662109375 0.8056640625 0.15625 0.11328125
0 0.49609375 0.35205078125 0.1171875 0.1552734375
0 0.4892578125 0.6748046875 0.09765625 0.09765625
0 0.97998046875 0.857421875 0.0400390625 0.109375
0 0.65625 0.5654296875 0.154296875 0.171875
0 0.486328125 0.765625 0.072265625 0.091796875
0 0.16357421875 0.46875 0.1552734375 0.130859375
0 0.2451171875 0.81982421875 0.130859375 0.1220703125
0 0.71826171875 0.30078125 0.1357421875 0.0859375
