0 0.34814453125 0.037109375 0.0927734375 0.07421875
0 0.25146484375 0.45263671875 0.0869140625 0.1025390625
0 0.51220703125 0.57861328125 0.1044921875 0.0458984375
0 0.90283203125 0.9677734375 0.0966796875 0.056640625
0 0.2294921875 0.90625 0.072265625 0.052734375
0 0.1376953125 0.90869140625 0.1640625 0.0927734375
0 0.1572265625 0.07666015625 0.1015625 0.1474609375
0 0.96435546875 0.59130859375 0.0673828125 0.0732421875
0 0.30126953125 0.44970703125 0.1005859375 0.1572265625
0 0.22705078125 0.09326171875 0.0830078125 0.1474609375
0 0.39453125 0.0517578125 0.087890625 0.1015625
0 0.46435546875 0.3125 0.0966796875 0.11328125
0 0.64453125 0.45703125 0.134765625 0.087890625
0 0.10888671875 0.30126953125 0.0751953125 0.0986328125
0 0.1015625 0.197265625 0.11328125 0.056640625
0 0.37646484375 0.95849609375 0.0615234375 0.0791015625
0 0.7744140625 0.3896484375 0.1640625 0.1015625
0 0.34130859375 0.58935546875 0.1103515625 0.1572265625
0 0.60009765625 0.3505859375 0.0771484375 0.072265625
0 0.6884765625 0.73583984375 0.07421875 0.0771484375
0 0.14501953125 0.8134765625 0.1318359375 0.0625
0 0.77587890625 0.8876953125 0.0986328125 0.087890625
0 0.7255859375 0.0302734375 0.08984375 0.05859375
0 0.72119140625 0.83642578125 0.0888671875 0.1435546875
0 0.45947265625 0.24609375 0.0693359375 0.087890625
0 0.78955078125 0.47216796875 0.0673828125 0.0986328125
0 0.1728515625 0.55029296875 0.095703125 0.1142578125
0 0.60302734375 0.88232421875 0.0849609375 0.0849609375
0 0.95751953125 0.91845703125 0.0810546875 0.0732421875
