0 0.19091796875 0.77490234375 0.1318359375 0.0693359375
0 0.9384765625 0.6689453125 0.08203125 0.083984375
0 0.38818359375 0.12255859375 0.0634765625 0.0732421875
0 0.93359375 0.0302734375 0.130859375 0.060546875
0 0.798828125 0.822265625 0.111328125 0.22265625
0 0.29443359375 0.966796875 0.1220703125 0.064453125
0 0.5576171875 0.27685546875 0.146484375 0.0712890625
0 0.2958984375 0.880859375 0.0703125 0.068359375
0 0.7998046875 0.71533203125 0.12109375 0.0908203125
0 0.06591796875 0.11279296875 0.1318359375 0.2236328125
0 0.873046875 0.32275390625 0.16796875 0.0947265625
0 0.26708984375 0.45654296875 0.0888671875 0.1904296875
0 0.580078125 0.3642578125 0.162109375 0.15625
0 0.32568359375 0.04443359375 0.1923828125 0.0869140625
0 0.1826171875 0.84228515625 0.119140625 0.0908203125
0 0.64990234375 0.828125 0.0908203125 0.126953125
0 0.88134765625 0.22021484375 0.1103515625 0.0947265625
0 0.71044921875 0.53076171875 0.1591796875 0.0908203125
0 0.05419921875 0.033203125 0.0576171875 0.064453125
0 0.04736328125 0.6982421875 0.0947265625 0.109375
0 0.95068359375 0.5361328125 0.0966796875 0.109375
0 0.4375 0.7333984375 0.12890625 0.076171875
0 0.96435546875 0.35400390625 0.0673828125 0.0791015625
0 0.4580078125 0.94287109375 0.13671875 0.1064453125
