0 0.2333984375 0.58203125 0.140625 0.146484375
0 0.8564453125 0.57080078125 0.16796875 0.1728515625
0 0.52978515625 0.6962890625 0.0361328125 0.0390625
0 0.970703125 0.046875 0.056640625 0.09375
0 0.81201171875 0.623046875 0.0869140625 0.05859375
0 0.30810546875 0.06591796875 0.1494140625 0.1298828125
0 0.2998046875 0.16943359375 0.244140625 0.1533203125
0 0.04638671875 0.64404296875 0.0927734375 0.0615234375
0 0.5380859375 0.35888671875 0.087890625 0.1123046875
0 0.76171875 0.0634765625 0.09375 0.078125
0 0.9150390625 0.4404296875 0.1015625 0.111328125
0 0.2841796875 0.45849609375 0.064453125 0.1142578125
0 0.89111328125 0.05712890625 0.0966796875 0.0908203125
0 0.3369140625 0.490234375 0.09765625 0.12109375
0 0.4384765625 0.3271484375 0.099609375 0.099609375
0 0.08349609375 0.55322265625 0.1025390625 0.0986328125
0 0.24267578125 0.533203125 0.1025390625 0.1171875
0 0.4365234375 0.50439453125 0.1171875 0.1103515625
0 0.44775390625 0.56201171875 0.0849609375 0.1337890625
0 0.7060546875 0.73388671875 0.046875 0.0439453125
0 0.63720703125 0.466796875 0.0576171875 0.060546875
