0 0.2216796875 0.8876953125 0.08203125 0.08203125
0 0.72998046875 0.88671875 0.1630859375 0.150390625
0 0.81396484375 0.80029296875 0.0673828125 0.0791015625
0 0.63037109375 0.84228515625 0.1103515625 0.1806640625
0 0.736328125 0.39892578125 0.1796875 0.2177734375
0 0.09521484375 0.52099609375 0.1865234375 0.0673828125
0 0.37353515625 0.52001953125 0.0849609375 0.0751953125
0 0.54541015625 0.32421875 0.0576171875 0.232421875
0 0.3017578125 0.02294921875 0.064453125 0.0458984375
0 0.52197265625 0.14453125 0.1005859375 0.1640625
0 0.4521484375 0.02978515625 0.0625 0.0556640625
0 0.74658203125 0.0322265625 0.1806640625 0.060546875
0 0.451171875 0.2265625 0.07421875 0.20703125
0 0.41943359375 0.87890625 0.1142578125 0.19921875
0 0.85791015625 0.58447265625 0.1669921875 0.1572265625
0 0.078125 0.69189453125 0.15625 0.1552734375
0 0.0849609375 0.9423828125 0.166015625 0.072265625
0 0.44677734375 0.9462890625 0.1162109375 0.107421875
0 0.97412109375 0.10693359375 0.0517578125 0.1455078125
0 0.13525390625 0.7763671875 0.1142578125 0.078125
0 0.5732421875 0.82275390625 0.134765625 0.1552734375
0 0.37255859375 0.041015625 0.0947265625 0.08203125
0 0.470703125 0.5546875 0.091796875 0.091796875
0 0.26318359375 0.78662109375 0.0888671875 0.1650390625
0 0.10888671875 0.87939453125 0.1396484375 0.1083984375
0 0.0927734375 0.08203125 0.185546875 0.158203125
0 0.1796875 0.08203125 0.115234375 0.091796875
0 0.26611328125 0.9306640625 0.0986328125 0.078125
0 0.02099609375 0.59912109375 0.0419921875 0.1494140625
