0 0.4716796875 0.13037109375 0.123046875 0.1591796875
0 0.7880859375 0.0458984375 0.09765625 0.08984375
0 0.21923828125 0.033203125 0.1337890625 0.06640625
0 0.81396484375 0.40380859375 0.1298828125 0.1064453125
0 0.94091796875 0.14697265625 0.1162109375 0.1103515625
0 0.42041015625 0.044921875 0.2080078125 0.08984375
0 0.6435546875 0.6083984375 0.060546875 0.1328125
0 0.9658203125 0.2490234375 0.06640625 0.107421875
0 0.7255859375 0.59130859375 0.08203125 0.0791015625
0 0.24267578125 0.681640625 0.0908203125 0.10546875
0 0.95068359375 0.51025390625 0.0966796875 0.0693359375
0 0.27734375 0.70654296875 0.099609375 0.1767578125
0 0.884765625 0.31005859375 0.1328125 0.1279296875
0 0.8759765625 0.21533203125 0.10546875 0.0830078125
0 0.98291015625 0.08935546875 0.0322265625 0.1728515625
0 0.52490234375 0.95947265625 0.0830078125 0.0791015625
0 0.97265625 0.31298828125 0.052734375 0.1923828125
0 0.349609375 0.55224609375 0.099609375 0.0712890625
0 0.48486328125 0.5048828125 0.1064453125 0.1328125
0 0.6201171875 0.9267578125 0.087890625 0.140625
0 0.63330078125 0.16162109375 0.0986328125 0.1298828125
0 0.50146484375 0.29345703125 0.2138671875 0.1650390625
0 0.5673828125 0.14453125 0.08984375 0.20703125
0 0.03125 0.72119140625 0.0625 0.2060546875
