0 0.31201171875 0.06396484375 0.2451171875 0.0888671875
0 0.1025390625 0.37890625 0.205078125 0.1328125
0 0.462890625 0.4658203125 0.240234375 0.10546875
0 0.80126953125 0.89404296875 0.0810546875 0.2099609375
0 0.33203125 0.6943359375 0.244140625 0.1171875
0 0.939453125 0.533203125 0.119140625 0.087890625
0 0.82568359375 0.71728515625 0.1728515625 0.1533203125
0 0.14306640625 0.75341796875 0.1591796875 0.1494140625
0 0.8271484375 0.24365234375 0.0859375 0.0849609375
0 0.1728515625 0.02685546875 0.091796875 0.0537109375
0 0.55712890625 0.97900390625 0.1220703125 0.0419921875
0 0.0537109375 0.19189453125 0.107421875 0.1259765625
0 0.45849609375 0.78125 0.1181640625 0.06640625
0 0.96142578125 0.63671875 0.0732421875 0.07421875
0 0.9794921875 0.29736328125 0.0390625 0.1455078125
0 0.42236328125 0.70947265625 0.0986328125 0.0751953125
0 0.1640625 0.1943359375 0.076171875 0.126953125
0 0.1484375 0.87548828125 0.21484375 0.1064453125
0 0.294921875 0.5517578125 0.1171875 0.109375
0 0.755859375 0.3291015625 0.134765625 0.115234375
0 0.64013671875 0.3544921875 0.2587890625 0.103515625
0 0.9189453125 0.9541015625 0.12109375 0.08984375
0 0.12451171875 0.607421875 0.0947265625 0.0859375
0 0.38525390625 0.26220703125 0.2158203125 0.0927734375
0 0.39404296875 0.84521484375 0.1435546875 0.0810546875
0 0.3037109375 0.28662109375 0.138671875 0.0771484375
0 0.29052734375 0.15380859375 0.1064453125 0.1123046875
0 0.8681640625 0.7998046875 0.138671875 0.1875
0 0.0517578125 0.9482421875 0.103515625 0.099609375
0 0.95654296875 0.46337890625 0.0849609375 0.1240234375
0 0.75146484375 0.93505859375 0.0810546875 0.1259765625
0 0.337890625 0.63671875 0.208984375 0.095703125
0 0.4658203125 0.8984375 0.126953125 0.0625
