0 0.779296875 0.189453125 0.12890625 0.087890625
0 0.3642578125 0.1259765625 0.08984375 0.103515625
0 0.2470703125 0.3681640625 0.08984375 0.11328125
0 0.17431640625 0.8759765625 0.0673828125 0.072265625
0 0.55810546875 0.4794921875 0.0693359375 0.12890625
0 0.76513671875 0.6259765625 0.0791015625 0.10546875
0 0.66162109375 0.955078125 0.0771484375 0.087890625
0 0.15869140625 0.11279296875 0.2099609375 0.1240234375
0 0.705078125 0.72412109375 0.0703125 0.1474609375
0 0.96484375 0.12353515625 0.068359375 0.0888671875
0 0.97412109375 0.90771484375 0.0498046875 0.1669921875
0 0.68115234375 0.89208984375 0.1259765625 0.1220703125
0 0.3525390625 0.96044921875 0.091796875 0.0771484375
0 0.41162109375 0.9013671875 0.0517578125 0.083984375
0 0.64697265625 0.7158203125 0.0869140625 0.1484375
0 0.8427734375 0.923828125 0.08984375 0.072265625
0 0.3134765625 0.84423828125 0.10546875 0.1552734375
0 0.53173828125 0.80126953125 0.0771484375 0.0947265625
0 0.58837890625 0.1640625 0.1044921875 0.109375
0 0.0966796875 0.0576171875 0.146484375 0.068359375
0 0.69482421875 0.21044921875 0.0869140625 0.0791015625
0 0.5107421875 0.97412109375 0.119140625 0.0517578125
0 0.53271484375 0.89697265625 0.1220703125 0.0927734375
0 0.6396484375 0.8046875 0.068359375 0.11328125
0 0.71826171875 0.05224609375 0.1064453125 0.1044921875
0 0.888671875 0.8095703125 0.076171875 0.119140625
0 0.2421875 0.59033203125 0.076171875 0.0888671875
0 0.5263671875 0.1318359375 0.087890625 0.080078125
0 0.45947265625 0.19287109375 0.0888671875 0.0673828125
0 0.6953125 0.62548828125 0.09375 0.1064453125
0 0.02783203125 0.486328125 0.0556640625 0.107421875
0 0.25 0.2021484375 0.1015625 0.1015625
0 0.81689453125 0.41455078125 0.1025390625 0.1201171875
0 0.67724609375 0.5341796875 0.0908203125 0.08984375
0 0.828125 0.833984375 0.1171875 0.044921875
0 0.099609375 0.0185546875 0.19921875 0.037109375
0 0.06689453125 0.67626953125 0.1142578125 0.1474609375
0 0.9013671875 0.20703125 0.08203125 0.107421875
0 0.92041015625 0.52734375 0.1025390625 0.07421875
