0 0.03076171875 0.9267578125 0.0615234375 0.142578125
0 0.19580078125 0.61328125 0.0693359375 0.072265625
0 0.54443359375 0.216796875 0.1337890625 0.130859375
0 0.94091796875 0.73046875 0.1103515625 0.068359375
0 0.3896484375 0.74267578125 0.07421875 0.1044921875
0 0.19970703125 0.21484375 0.1435546875 0.083984375
0 0.87255859375 0.3271484375 0.2431640625 0.115234375
0 0.4072265625 0.52099609375 0.083984375 0.2060546875
0 0.03369140625 0.18408203125 0.0673828125 0.0615234375
0 0.025390625 0.08984375 0.05078125 0.138671875
0 0.31982421875 0.48876953125 0.0947265625 0.1650390625
0 0.49560546875 0.66357421875 0.1259765625 0.1240234375
0 0.984375 0.77490234375 0.029296875 0.0947265625
0 0.9697265625 0.49951171875 0.05859375 0.0732421875
0 0.58984375 0.693359375 0.08203125 0.083984375
0 0.8779296875 0.44384765625 0.12109375 0.1005859375
0 0.27685546875 0.10009765625 0.0830078125 0.1630859375
0 0.42333984375 0.3642578125 0.1435546875 0.146484375
0 0.77001953125 0.67724609375 0.1513671875 0.0849609375
0 0.173828125 0.79931640625 0.068359375 0.0712890625
0 0.09130859375 0.7001953125 0.0869140625 0.076171875
0 0.5126953125 0.83740234375 0.125 0.1220703125
0 0.73583984375 0.07861328125 0.1337890625 0.1103515625
