0 0.15673828125 0.732421875 0.0517578125 0.052734375
0 0.587890625 0.13818359375 0.0625 0.0888671875
0 0.26318359375 0.3134765625 0.0537109375 0.1484375
0 0.27294921875 0.49267578125 0.0869140625 0.0869140625
0 0.927734375 0.3818359375 0.142578125 0.0859375
0 0.3515625 0.091796875 0.083984375 0.080078125
0 0.02490234375 0.95263671875 0.0498046875 0.0947265625
0 0.4130859375 0.8037109375 0.087890625 0.052734375
0 0.67333984375 0.4921875 0.1416015625 0.1328125
0 0.47705078125 0.904296875 0.1318359375 0.1171875
0 0.2353515625 0.78466796875 0.255859375 0.0830078125
0 0.2099609375 0.68017578125 0.05859375 0.0986328125
0 0.26513671875 0.0703125 0.0732421875 0.0703125
0 0.04541015625 0.328125 0.0908203125 0.095703125
0 0.09033203125 0.6796875 0.0966796875 0.146484375
0 0.423828125 0.37841796875 0.078125 0.0849609375
0 0.31005859375 0.67333984375 0.0869140625 0.1083984375
0 0.95703125 0.052734375 0.083984375 0.10546875
0 0.57373046875 0.8037109375 0.1123046875 0.064453125
0 0.31591796875 0.94091796875 0.0888671875 0.1162109375
0 0.90185546875 0.546875 0.1123046875 0.21484375
0 0.94775390625 0.9287109375 0.0751953125 0.05859375
0 0.86865234375 0.87939453125 0.0908203125 0.1025390625
0 0.6328125 0.6044921875 0.083984375 0.150390625
0 0.37060546875 0.34765625 0.0615234375 0.08203125
0 0.7666015625 0.7607421875 0.09375 0.2578125
0 0.96630859375 0.88818359375 0.0654296875 0.1044921875
0 0.2421875 0.95458984375 0.080078125 0.0869140625
0 0.5439453125 0.658203125 0.1640625 0.05859375
0 0.32421875 0.310546875 0.06640625 0.142578125
0 0.3798828125 0.7880859375 0.052734375 0.166015625
