0 0.240234375 0.38916015625 0.08203125 0.0712890625
0 0.138671875 0.05712890625 0.091796875 0.1142578125
0 0.38623046875 0.8408203125 0.1689453125 0.078125
0 0.9296875 0.7607421875 0.138671875 0.119140625
0 0.8486328125 0.80419921875 0.166015625 0.0654296875
0 0.7578125 0.8857421875 0.072265625 0.125
0 0.0234375 0.365234375 0.046875 0.064453125
0 0.02587890625 0.93603515625 0.0517578125 0.0810546875
0 0.02197265625 0.44140625 0.0439453125 0.06640625
0 0.4677734375 0.44970703125 0.11328125 0.0927734375
0 0.0859375 0.69091796875 0.126953125 0.0771484375
0 0.62939453125 0.9248046875 0.1396484375 0.123046875
0 0.80810546875 0.46630859375 0.0849609375 0.0927734375
0 0.0341796875 0.076171875 0.068359375 0.08203125
0 0.458984375 0.03857421875 0.05859375 0.0615234375
0 0.78564453125 0.36083984375 0.1162109375 0.0966796875
0 0.625 0.5205078125 0.123046875 0.146484375
0 0.6279296875 0.64208984375 0.244140625 0.0791015625
0 0.77783203125 0.19384765625 0.0888671875 0.0869140625
0 0.47900390625 0.7197265625 0.1416015625 0.095703125
0 0.447265625 0.9775390625 0.0859375 0.04296875
0 0.86328125 0.56591796875 0.13671875 0.1240234375
0 0.80859375 0.0380859375 0.123046875 0.07421875
0 0.4677734375 0.85302734375 0.05859375 0.1494140625
0 0.74609375 0.5517578125 0.103515625 0.078125
0 0.90625 0.03271484375 0.12109375 0.0634765625
0 0.314453125 0.51904296875 0.09375 0.0966796875
