0 0.9345703125 0.94384765625 0.12890625 0.0966796875
0 0.0595703125 0.47412109375 0.091796875 0.0869140625
0 0.30419921875 0.814453125 0.2216796875 0.220703125
0 0.33544921875 0.21826171875 0.0673828125 0.0595703125
0 0.49365234375 0.6357421875 0.1416015625 0.1953125
0 0.17578125 0.54541015625 0.181640625 0.0869140625
0 0.4462890625 0.54931640625 0.072265625 0.0478515625
0 0.26416015625 0.5380859375 0.1708984375 0.10546875
0 0.18408203125 0.8125 0.0673828125 0.06640625
0 0.1064453125 0.98388671875 0.208984375 0.0322265625
0 0.32861328125 0.96484375 0.1357421875 0.068359375
0 0.02197265625 0.8623046875 0.0439453125 0.185546875
0 0.328125 0.736328125 0.134765625 0.171875
0 0.25537109375 0.08056640625 0.0537109375 0.1064453125
0 0.6943359375 0.02392578125 0.12109375 0.0458984375
0 0.205078125 0.33740234375 0.0546875 0.0634765625
0 0.34423828125 0.59326171875 0.0986328125 0.1806640625
0 0.52197265625 0.08740234375 0.1435546875 0.1728515625
0 0.39013671875 0.4521484375 0.0732421875 0.12109375
0 0.1201171875 0.3740234375 0.103515625 0.08984375
0 0.97119140625 0.2685546875 0.0556640625 0.0625
0 0.046875 0.146484375 0.072265625 0.130859375
0 0.78125 0.65673828125 0.095703125 0.0654296875
0 0.04248046875 0.84423828125 0.0830078125 0.0458984375
0 0.81591796875 0.3203125 0.1142578125 0.109375
0 0.89892578125 0.5322265625 0.0712890625 0.080078125
0 0.15478515625 0.62548828125 0.1005859375 0.1044921875
0 0.15380859375 0.041015625 0.0732421875 0.08203125
0 0.75048828125 0.95654296875 0.0986328125 0.0791015625
0 0.3447265625 0.41015625 0.05078125 0.125
0 0.5830078125 0.5419921875 0.064453125 0.0859375
0 0.857421875 0.97998046875 0.087890625 0.0400390625
