0 0.5166015625 0.08203125 0.140625 0.09765625
0 0.4033203125 0.8642578125 0.095703125 0.193359375
0 0.36181640625 0.2470703125 0.0888671875 0.0859375
0 0.5537109375 0.48046875 0.076171875 0.076171875
0 0.63916015625 0.6435546875 0.0908203125 0.09765625
0 0.94970703125 0.06396484375 0.0986328125 0.0830078125
0 0.74951171875 0.13037109375 0.1240234375 0.0771484375
0 0.29541015625 0.111328125 0.1611328125 0.12890625
0 0.33740234375 0.16943359375 0.0908203125 0.0810546875
0 0.80126953125 0.7890625 0.1240234375 0.140625
0 0.0546875 0.3271484375 0.109375 0.07421875
0 0.95556640625 0.33935546875 0.0869140625 0.0869140625
0 0.58203125 0.30224609375 0.076171875 0.0849609375
0 0.28125 0.3515625 0.087890625 0.14453125
0 0.84130859375 0.033203125 0.0966796875 0.064453125
0 0.93310546875 0.5302734375 0.1103515625 0.087890625
0 0.09912109375 0.0537109375 0.1025390625 0.068359375
0 0.943359375 0.22216796875 0.111328125 0.1513671875
0 0.10986328125 0.17578125 0.1142578125 0.107421875
0 0.54931640625 0.751953125 0.1103515625 0.173828125
0 0.2890625 0.27001953125 0.15234375 0.1376953125
0 0.494140625 0.2646484375 0.0859375 0.111328125
0 0.64599609375 0.58740234375 0.1826171875 0.1259765625
