0 0.923828125 0.91552734375 0.07421875 0.1162109375
0 0.263671875 0.96630859375 0.103515625 0.0615234375
0 0.3388671875 0.35888671875 0.103515625 0.1201171875
0 0.2060546875 0.10546875 0.08203125 0.2109375
0 0.12548828125 0.72509765625 0.0830078125 0.0732421875
0 0.1171875 0.44091796875 0.111328125 0.0791015625
0 0.77587890625 0.1962890625 0.2080078125 0.220703125
0 0.2265625 0.44580078125 0.083984375 0.1240234375
0 0.822265625 0.8779296875 0.095703125 0.240234375
0 0.36328125 0.18994140625 0.13671875 0.0595703125
0 0.9619140625 0.47900390625 0.0703125 0.1201171875
0 0.34912109375 0.02490234375 0.0732421875 0.0498046875
0 0.8798828125 0.21484375 0.138671875 0.099609375
0 0.16845703125 0.62939453125 0.0712890625 0.0849609375
0 0.41845703125 0.02197265625 0.0810546875 0.0439453125
0 0.44384765625 0.345703125 0.1103515625 0.111328125
0 0.66943359375 0.2734375 0.1025390625 0.234375
0 0.24609375 0.71826171875 0.056640625 0.0537109375
0 0.6171875 0.85107421875 0.099609375 0.2939453125
0 0.3203125 0.865234375 0.173828125 0.080078125
0 0.91162109375 0.7783203125 0.0732421875 0.15234375
0 0.1455078125 0.673828125 0.0703125 0.064453125
0 0.1767578125 0.9150390625 0.068359375 0.119140625
