0 0.6640625 0.06005859375 0.07421875 0.0966796875
0 0.05078125 0.43603515625 0.1015625 0.0732421875
0 0.1806640625 0.93115234375 0.171875 0.1005859375
0 0.52294921875 0.07373046875 0.1689453125 0.1455078125
0 0.97314453125 0.07861328125 0.0517578125 0.1533203125
0 0.25830078125 0.283203125 0.2041015625 0.1328125
0 0.86474609375 0.82470703125 0.0986328125 0.0986328125
0 0.57373046875 0.7373046875 0.2294921875 0.126953125
0 0.13427734375 0.861328125 0.1044921875 0.171875
0 0.68115234375 0.97802734375 0.0947265625 0.0419921875
0 0.28759765625 0.04931640625 0.1572265625 0.0986328125
0 0.85986328125 0.64501953125 0.1025390625 0.1162109375
0 0.62158203125 0.931640625 0.2470703125 0.134765625
0 0.0693359375 0.84619140625 0.138671875 0.0869140625
0 0.0361328125 0.25390625 0.072265625 0.083984375
0 0.076171875 0.12890625 0.1484375 0.162109375
0 0.96923828125 0.40625 0.0595703125 0.099609375
0 0.072265625 0.53369140625 0.14453125 0.1435546875
0 0.7841796875 0.3173828125 0.115234375 0.125
0 0.9404296875 0.1123046875 0.115234375 0.203125
0 0.1923828125 0.71923828125 0.236328125 0.1396484375
0 0.9345703125 0.27734375 0.12890625 0.123046875
0 0.09619140625 0.77978515625 0.1025390625 0.0947265625
0 0.1103515625 0.60595703125 0.220703125 0.1611328125
0 0.20263671875 0.14111328125 0.1962890625 0.1064453125
0 0.66845703125 0.505859375 0.0927734375 0.16015625
0 0.4580078125 0.69677734375 0.138671875 0.1435546875
0 0.29736328125 0.4365234375 0.1396484375 0.0859375
0 0.5830078125 0.37548828125 0.12890625 0.1904296875
0 0.74853515625 0.19873046875 0.2841796875 0.1728515625
0 0.11328125 0.65478515625 0.115234375 0.0595703125
0 0.45947265625 0.4228515625 0.1474609375 0.251953125
