0 0.4306640625 0.6611328125 0.08984375 0.1328125
0 0.18017578125 0.04345703125 0.0712890625 0.0869140625
0 0.19775390625 0.86181640625 0.0986328125 0.0927734375
0 0.2509765625 0.4287109375 0.1015625 0.130859375
0 0.84619140625 0.5029296875 0.1826171875 0.05859375
0 0.35302734375 0.34326171875 0.1083984375 0.0732421875
0 0.4248046875 0.9443359375 0.09375 0.099609375
0 0.14404296875 0.5009765625 0.0849609375 0.08203125
0 0.2626953125 0.9169921875 0.078125 0.111328125
0 0.0576171875 0.72509765625 0.060546875 0.0732421875
0 0.5517578125 0.39697265625 0.072265625 0.0693359375
0 0.66552734375 0.533203125 0.1533203125 0.12109375
0 0.96435546875 0.27001953125 0.0693359375 0.0869140625
0 0.9658203125 0.03271484375 0.06640625 0.0654296875
0 0.95751953125 0.9736328125 0.0830078125 0.048828125
0 0.873046875 0.07568359375 0.107421875 0.1201171875
0 0.474609375 0.94677734375 0.09765625 0.1025390625
0 0.48193359375 0.54833984375 0.0869140625 0.1201171875
0 0.056640625 0.9033203125 0.078125 0.064453125
0 0.6123046875 0.92529296875 0.05078125 0.0732421875
0 0.42138671875 0.12255859375 0.0986328125 0.1064453125
0 0.650390625 0.62255859375 0.08203125 0.1181640625
0 0.7978515625 0.263671875 0.0859375 0.115234375
0 0.95166015625 0.66748046875 0.0947265625 0.1240234375
0 0.0556640625 0.07470703125 0.099609375 0.1103515625
0 0.5048828125 0.83251953125 0.06640625 0.0654296875
0 0.11474609375 0.15966796875 0.1318359375 0.0849609375
0 0.7802734375 0.71728515625 0.16015625 0.0888671875
0 0.30322265625 0.8125 0.0771484375 0.068359375
0 0.9423828125 0.32568359375 0.0859375 0.0791015625
0 0.13232421875 0.30908203125 0.1748046875 0.0927734375
0 0.384765625 0.04443359375 0.126953125 0.0869140625
