0 0.677734375 0.19970703125 0.19140625 0.1005859375
0 0.2978515625 0.69287109375 0.123046875 0.0908203125
0 0.97265625 0.76220703125 0.052734375 0.2060546875
0 0.416015625 0.53564453125 0.140625 0.1806640625
0 0.96240234375 0.04052734375 0.0732421875 0.0810546875
0 0.23876953125 0.43798828125 0.1923828125 0.1162109375
0 0.60986328125 0.0888671875 0.1689453125 0.123046875
0 0.142578125 0.06591796875 0.140625 0.0849609375
0 0.8515625 0.3916015625 0.068359375 0.14453125
0 0.0380859375 0.740234375 0.076171875 0.06640625
0 0.57080078125 0.79541015625 0.1005859375 0.0830078125
0 0.94384765625 0.2646484375 0.1083984375 0.12109375
0 0.9375 0.083984375 0.123046875 0.13671875
0 0.67626953125 0.5830078125 0.1552734375 0.15234375
0 0.46484375 0.1826171875 0.099609375 0.09765625
0 0.02880859375 0.56982421875 0.0576171875 0.1513671875
0 0.55908203125 0.3369140625 0.0888671875 0.1484375
0 0.77587890625 0.68994140625 0.0966796875 0.1025390625
0 0.8388671875 0.55078125 0.109375 0.09765625
0 0.6083984375 0.369140625 0.107421875 0.095703125
0 0.2666015625 0.0615234375 0.126953125 0.12109375
0 0.76123046875 0.3505859375 0.0986328125 0.10546875
0 0.04638671875 0.43798828125 0.0927734375 0.0654296875
0 0.79541015625 0.78515625 0.0986328125 0.078125
0 0.662109375 0.6943359375 0.09375 0.18359375
0 0.48828125 0.85498046875 0.08984375 0.0732421875
0 0.93603515625 0.958984375 0.0908203125 0.078125
