0 0.76025390625 0.85693359375 0.0595703125 0.1044921875
0 0.1591796875 0.3134765625 0.140625 0.111328125
0 0.30322265625 0.93701171875 0.0966796875 0.1162109375
0 0.7734375 0.77685546875 0.09765625 0.1220703125
0 0.9404296875 0.88623046875 0.1171875 0.1904296875
0 0.1591796875 0.8994140625 0.0859375 0.16796875
0 0.03662109375 0.24755859375 0.0732421875 0.1416015625
0 0.6552734375 0.70751953125 0.068359375 0.1298828125
0 0.494140625 0.9306640625 0.1328125 0.13671875
0 0.93115234375 0.93017578125 0.0830078125 0.1357421875
0 0.15869140625 0.44677734375 0.1259765625 0.1435546875
0 0.12890625 0.97509765625 0.087890625 0.0458984375
0 0.75 0.140625 0.076171875 0.087890625
0 0.44775390625 0.3115234375 0.1376953125 0.10546875
0 0.22412109375 0.2412109375 0.0751953125 0.0625
0 0.58154296875 0.97412109375 0.0712890625 0.0498046875
0 0.03759765625 0.80517578125 0.0751953125 0.1416015625
0 0.04150390625 0.41259765625 0.0830078125 0.0869140625
0 0.73046875 0.89306640625 0.095703125 0.1083984375
0 0.70947265625 0.447265625 0.0712890625 0.16796875
0 0.6025390625 0.837890625 0.095703125 0.12890625
0 0.654296875 0.05615234375 0.087890625 0.1123046875
0 0.3603515625 0.70068359375 0.111328125 0.0869140625
0 0.25341796875 0.728515625 0.0908203125 0.099609375
0 0.2998046875 0.4326171875 0.13671875 0.138671875
0 0.19287109375 0.61083984375 0.0908203125 0.0947265625
0 0.7998046875 0.91796875 0.076171875 0.103515625
