0 0.8232421875 0.875 0.193359375 0.12890625
0 0.978515625 0.54443359375 0.03515625 0.1279296875
0 0.9150390625 0.548828125 0.16796875 0.193359375
0 0.73291015625 0.94677734375 0.0908203125 0.1025390625
0 0.3583984375 0.40869140625 0.09375 0.1982421875
0 0.47021484375 0.89208984375 0.0654296875 0.0654296875
0 0.73095703125 0.85400390625 0.1044921875 0.0966796875
0 0.193359375 0.130859375 0.11328125 0.083984375
0 0.498046875 0.34716796875 0.0546875 0.0439453125
0 0.7158203125 0.51025390625 0.083984375 0.1943359375
0 0.07373046875 0.119140625 0.0966796875 0.103515625
0 0.2646484375 0.92236328125 0.1015625 0.0771484375
0 0.349609375 0.697265625 0.19921875 0.130859375
0 0.021484375 0.533203125 0.04296875 0.16796875
0 0.560546875 0.169921875 0.080078125 0.076171875
0 0.5478515625 0.22998046875 0.09375 0.1474609375
0 0.765625 0.0341796875 0.12109375 0.068359375
0 0.77099609375 0.421875 0.2451171875 0.1171875
0 0.63134765625 0.77978515625 0.0869140625 0.1318359375
0 0.1572265625 0.80322265625 0.13671875 0.2041015625
0 0.546875 0.83837890625 0.138671875 0.0966796875
0 0.34716796875 0.80712890625 0.1630859375 0.1220703125
0 0.91748046875 0.92529296875 0.1513671875 0.0830078125
0 0.69580078125 0.63330078125 0.0947265625 0.0947265625
0 0.4873046875 0.97412109375 0.07421875 0.0478515625
0 0.78271484375 0.56982421875 0.0869140625 0.1962890625
