0 0.05615234375 0.56787109375 0.1123046875 0.0595703125
0 0.6796875 0.75390625 0.142578125 0.1015625
0 0.26416015625 0.74609375 0.1279296875 0.201171875
0 0.91259765625 0.8046875 0.1728515625 0.08984375
0 0.333984375 0.140625 0.169921875 0.123046875
0 0.87353515625 0.94873046875 0.1923828125 0.0986328125
0 0.146484375 0.95703125 0.087890625 0.083984375
0 0.81201171875 0.51220703125 0.2392578125 0.1337890625
0 0.3935546875 0.91845703125 0.138671875 0.1611328125
0 0.0234375 0.93896484375 0.046875 0.1201171875
0 0.39892578125 0.7314453125 0.1103515625 0.154296875
0 0.9404296875 0.02294921875 0.103515625 0.0458984375
0 0.6025390625 0.06787109375 0.072265625 0.1337890625
