0 0.89306640625 0.28125 0.0888671875 0.08203125
0 0.8974609375 0.75244140625 0.119140625 0.1806640625
0 0.02490234375 0.52587890625 0.0498046875 0.0927734375
0 0.732421875 0.54833984375 0.16796875 0.1474609375
0 0.46240234375 0.2861328125 0.1162109375 0.158203125
0 0.5146484375 0.70458984375 0.09375 0.0888671875
0 0.3388671875 0.17333984375 0.09765625 0.1064453125
0 0.75732421875 0.2314453125 0.1083984375 0.099609375
0 0.8486328125 0.056640625 0.078125 0.095703125
0 0.0419921875 0.22412109375 0.083984375 0.0869140625
0 0.72119140625 0.77099609375 0.0810546875 0.0732421875
0 0.7353515625 0.13427734375 0.13671875 0.0849609375
0 0.31591796875 0.45458984375 0.1064453125 0.0830078125
0 0.68017578125 0.46875 0.1162109375 0.1015625
0 0.8935546875 0.52587890625 0.2109375 0.1337890625
0 0.46484375 0.4765625 0.138671875 0.107421875
0 0.1240234375 0.95263671875 0.09765625 0.0927734375
0 0.87451171875 0.42138671875 0.0576171875 0.0673828125
0 0.81787109375 0.9697265625 0.0966796875 0.056640625
0 0.86181640625 0.6494140625 0.1142578125 0.08203125
0 0.21337890625 0.2255859375 0.0810546875 0.115234375
0 0.11376953125 0.193359375 0.1689453125 0.18359375
0 0.52392578125 0.0283203125 0.0966796875 0.056640625
0 0.79345703125 0.3017578125 0.1279296875 0.078125
0 0.56591796875 0.796875 0.0556640625 0.064453125
0 0.96044921875 0.16357421875 0.0771484375 0.0927734375
0 0.72314453125 0.6728515625 0.0693359375 0.068359375
0 0.63720703125 0.95654296875 0.0751953125 0.0849609375
0 0.56494140625 0.591796875 0.1240234375 0.146484375
