0 0.291015625 0.4765625 0.087890625 0.0703125
0 0.63671875 0.06982421875 0.095703125 0.1396484375
0 0.931640625 0.44775390625 0.0859375 0.0732421875
0 0.044921875 0.27880859375 0.07421875 0.0693359375
0 0.51708984375 0.42138671875 0.1455078125 0.0771484375
0 0.93115234375 0.01611328125 0.0947265625 0.0322265625
0 0.57763671875 0.11865234375 0.0888671875 0.0791015625
0 0.31884765625 0.802734375 0.1123046875 0.181640625
0 0.03369140625 0.39013671875 0.0673828125 0.1103515625
0 0.9345703125 0.98193359375 0.12890625 0.0341796875
0 0.45361328125 0.0390625 0.0927734375 0.072265625
0 0.2255859375 0.951171875 0.12890625 0.09375
0 0.10302734375 0.10888671875 0.0908203125 0.0673828125
0 0.34912109375 0.3291015625 0.0791015625 0.1171875
0 0.71240234375 0.296875 0.1494140625 0.130859375
0 0.33935546875 0.92431640625 0.0927734375 0.0712890625
0 0.17041015625 0.4521484375 0.0751953125 0.07421875
0 0.62890625 0.9306640625 0.072265625 0.078125
0 0.7060546875 0.9384765625 0.099609375 0.0625
0 0.67919921875 0.9560546875 0.1162109375 0.080078125
0 0.0234375 0.70751953125 0.046875 0.1181640625
