0 0.73876953125 0.72314453125 0.1474609375 0.2216796875
0 0.5830078125 0.43115234375 0.259765625 0.1142578125
0 0.8720703125 0.03466796875 0.09375 0.0673828125
0 0.6201171875 0.57080078125 0.076171875 0.0830078125
0 0.2529296875 0.22216796875 0.08203125 0.0966796875
0 0.03271484375 0.47802734375 0.0654296875 0.2021484375
0 0.8232421875 0.091796875 0.083984375 0.10546875
0 0.2626953125 0.35009765625 0.103515625 0.0693359375
0 0.1689453125 0.478515625 0.091796875 0.09375
0 0.3203125 0.42041015625 0.0703125 0.0810546875
0 0.2900390625 0.49951171875 0.060546875 0.1044921875
0 0.64697265625 0.115234375 0.1044921875 0.0703125
0 0.97802734375 0.1728515625 0.0439453125 0.0859375
0 0.74365234375 0.900390625 0.1181640625 0.078125
0 0.61962890625 0.80419921875 0.1240234375 0.2470703125
0 0.25634765625 0.6953125 0.1787109375 0.099609375
0 0.61669921875 0.26806640625 0.0966796875 0.1123046875
0 0.83447265625 0.68505859375 0.0908203125 0.0830078125
0 0.37158203125 0.8203125 0.1220703125 0.09765625
