0 0.0302734375 0.31689453125 0.060546875 0.0693359375
0 0.06494140625 0.2138671875 0.0751953125 0.068359375
0 0.4501953125 0.68798828125 0.0859375 0.0791015625
0 0.0625 0.49951171875 0.1015625 0.0712890625
0 0.22998046875 0.32177734375 0.0810546875 0.0732421875
0 0.86572265625 0.28076171875 0.0693359375 0.0810546875
0 0.734375 0.80810546875 0.068359375 0.0693359375
0 0.77734375 0.08837890625 0.068359375 0.1611328125
0 0.287109375 0.2177734375 0.078125 0.076171875
0 0.099609375 0.89990234375 0.064453125 0.0478515625
0 0.8681640625 0.875 0.064453125 0.076171875
0 0.1572265625 0.09765625 0.060546875 0.064453125
0 0.66064453125 0.57470703125 0.0712890625 0.1494140625
0 0.1259765625 0.82470703125 0.0703125 0.0849609375
0 0.466796875 0.48876953125 0.068359375 0.1025390625
0 0.5341796875 0.955078125 0.0859375 0.068359375
0 0.3349609375 0.91796875 0.0546875 0.078125
0 0.21484375 0.7958984375 0.091796875 0.099609375
0 0.2548828125 0.8583984375 0.083984375 0.095703125
0 0.3955078125 0.57568359375 0.08984375 0.1630859375
0 0.38720703125 0.7529296875 0.0712890625 0.091796875
0 0.0185546875 0.85302734375 0.037109375 0.1259765625
0 0.07470703125 0.9677734375 0.1494140625 0.0625
0 0.39697265625 0.94384765625 0.1220703125 0.1005859375
0 0.64306640625 0.87548828125 0.0673828125 0.0966796875
0 0.732421875 0.5986328125 0.08203125 0.0859375
0 0.60546875 0.54541015625 0.087890625 0.1884765625
0 0.5166015625 0.79443359375 0.052734375 0.0556640625
0 0.04296875 0.5732421875 0.0859375 0.09375
0 0.83837890625 0.544921875 0.0849609375 0.12890625
0 0.62890625 0.80078125 0.126953125 0.0703125
0 0.78564453125 0.8720703125 0.0869140625 0.1875
0 0.16357421875 0.97607421875 0.0615234375 0.0458984375
0 0.41162109375 0.830078125 0.1083984375 0.103515625
0 0.97119140625 0.5322265625 0.0556640625 0.10546875
0 0.388671875 0.18701171875 0.0703125 0.1591796875
