0 0.80615234375 0.52001953125 0.0791015625 0.0673828125
0 0.49755859375 0.2353515625 0.0751953125 0.05859375
0 0.814453125 0.11865234375 0.134765625 0.0810546875
0 0.9677734375 0.02392578125 0.0625 0.0458984375
0 0.15185546875 0.28759765625 0.0791015625 0.0654296875
0 0.25732421875 0.19091796875 0.0751953125 0.0634765625
0 0.2919921875 0.427734375 0.05859375 0.05859375
0 0.38671875 0.5419921875 0.080078125 0.064453125
0 0.0947265625 0.5986328125 0.087890625 0.080078125
0 0.3154296875 0.07568359375 0.13671875 0.0771484375
0 0.49853515625 0.4931640625 0.0908203125 0.080078125
0 0.24462890625 0.97900390625 0.0849609375 0.0400390625
0 0.0771484375 0.92578125 0.099609375 0.091796875
0 0.62646484375 0.240234375 0.0771484375 0.0703125
0 0.3154296875 0.5390625 0.0703125 0.083984375
0 0.92529296875 0.91455078125 0.0791015625 0.0712890625
0 0.2119140625 0.541015625 0.11328125 0.09765625
0 0.36572265625 0.16015625 0.0693359375 0.046875
0 0.8291015625 0.6796875 0.07421875 0.08984375
0 0.4150390625 0.294921875 0.07421875 0.115234375
0 0.6455078125 0.06689453125 0.0859375 0.0634765625
0 0.255859375 0.74169921875 0.11328125 0.1298828125
0 0.146484375 0.0400390625 0.095703125 0.076171875
0 0.142578125 0.1796875 0.099609375 0.078125
0 0.01953125 0.4521484375 0.0390625 0.109375
0 0.6708984375 0.97265625 0.08984375 0.05078125
0 0.1904296875 0.4345703125 0.126953125 0.1171875
0 0.76123046875 0.25927734375 0.0869140625 0.1259765625
0 0.0205078125 0.60986328125 0.041015625 0.0361328125
0 0.10986328125 0.15380859375 0.0849609375 0.0654296875
