0 0.69970703125 0.14599609375 0.1123046875 0.1318359375
0 0.498046875 0.92333984375 0.07421875 0.0849609375
0 0.0556640625 0.89501953125 0.111328125 0.1142578125
0 0.162109375 0.13134765625 0.08984375 0.0771484375
0 0.56103515625 0.0205078125 0.1123046875 0.041015625
0 0.2880859375 0.2412109375 0.08203125 0.064453125
0 0.169921875 0.20556640625 0.072265625 0.0849609375
0 0.2548828125 0.78076171875 0.078125 0.0810546875
0 0.2236328125 0.6142578125 0.08203125 0.087890625
0 0.25732421875 0.9248046875 0.0849609375 0.140625
0 0.6171875 0.6591796875 0.11328125 0.115234375
0 0.43505859375 0.78662109375 0.0947265625 0.1494140625
0 0.279296875 0.376953125 0.154296875 0.07421875
0 0.935546875 0.24365234375 0.126953125 0.0849609375
0 0.14501953125 0.5517578125 0.0908203125 0.09375
0 0.09423828125 0.93505859375 0.1201171875 0.0751953125
0 0.078125 0.27001953125 0.15625 0.1025390625
0 0.94921875 0.08984375 0.099609375 0.107421875
0 0.05029296875 0.66162109375 0.1005859375 0.2314453125
0 0.68212890625 0.31689453125 0.1162109375 0.0810546875
0 0.58447265625 0.7861328125 0.0947265625 0.083984375
0 0.357421875 0.30859375 0.083984375 0.14453125
