0 0.6455078125 0.04443359375 0.091796875 0.0888671875
0 0.0693359375 0.56884765625 0.109375 0.0556640625
0 0.640625 0.1357421875 0.056640625 0.0546875
0 0.462890625 0.8935546875 0.107421875 0.083984375
0 0.36328125 0.455078125 0.068359375 0.06640625
0 0.44970703125 0.44970703125 0.0771484375 0.0712890625
0 0.435546875 0.732421875 0.087890625 0.08203125
0 0.62939453125 0.8076171875 0.1044921875 0.11328125
0 0.15478515625 0.07470703125 0.1044921875 0.1337890625
0 0.29296875 0.8271484375 0.12109375 0.076171875
0 0.05859375 0.3974609375 0.08203125 0.078125
0 0.21875 0.0380859375 0.064453125 0.068359375
0 0.96484375 0.267578125 0.068359375 0.09375
0 0.71337890625 0.60546875 0.0615234375 0.076171875
0 0.10595703125 0.6640625 0.1083984375 0.056640625
0 0.9404296875 0.7353515625 0.111328125 0.142578125
0 0.4091796875 0.33740234375 0.078125 0.0615234375
0 0.4833984375 0.14453125 0.068359375 0.095703125
0 0.81494140625 0.787109375 0.0771484375 0.05859375
0 0.58349609375 0.60791015625 0.0595703125 0.0849609375
0 0.79931640625 0.52783203125 0.1064453125 0.0439453125
0 0.7578125 0.75048828125 0.099609375 0.0498046875
0 0.95849609375 0.1103515625 0.0810546875 0.140625
0 0.3759765625 0.0625 0.072265625 0.125
0 0.70947265625 0.68701171875 0.0849609375 0.1005859375
0 0.91259765625 0.63330078125 0.1103515625 0.0791015625
0 0.51318359375 0.1416015625 0.0615234375 0.130859375
0 0.2802734375 0.2099609375 0.095703125 0.140625
0 0.52294921875 0.63525390625 0.1044921875 0.0888671875
0 0.30517578125 0.435546875 0.0830078125 0.078125
