0 0.71728515625 0.103515625 0.1396484375 0.16796875
0 0.85400390625 0.01806640625 0.1865234375 0.0361328125
0 0.6015625 0.083984375 0.25 0.083984375
0 0.73291015625 0.275390625 0.0888671875 0.095703125
0 0.30078125 0.46630859375 0.06640625 0.0830078125
0 0.52197265625 0.4423828125 0.0810546875 0.07421875
0 0.24853515625 0.9736328125 0.0869140625 0.05078125
0 0.9267578125 0.48388671875 0.099609375 0.1513671875
0 0.62109375 0.55419921875 0.07421875 0.0595703125
0 0.90380859375 0.35986328125 0.1201171875 0.0771484375
0 0.0703125 0.3251953125 0.095703125 0.099609375
0 0.705078125 0.86328125 0.12109375 0.080078125
0 0.587890625 0.8818359375 0.11328125 0.078125
0 0.724609375 0.23291015625 0.1484375 0.0830078125
0 0.328125 0.33837890625 0.05078125 0.0947265625
0 0.609375 0.45458984375 0.056640625 0.0830078125
0 0.44287109375 0.95703125 0.1279296875 0.080078125
0 0.8759765625 0.322265625 0.134765625 0.09765625
0 0.75 0.46142578125 0.099609375 0.0439453125
0 0.32470703125 0.4326171875 0.0517578125 0.05078125
0 0.96044921875 0.6533203125 0.0771484375 0.15625
0 0.37646484375 0.3232421875 0.0712890625 0.046875
0 0.521484375 0.36962890625 0.064453125 0.0712890625
0 0.84716796875 0.08349609375 0.0751953125 0.1142578125
