0 0.771484375 0.767578125 0.103515625 0.068359375
0 0.24169921875 0.0234375 0.0751953125 0.046875
0 0.19140625 0.58447265625 0.158203125 0.1201171875
0 0.6796875 0.328125 0.068359375 0.076171875
0 0.50244140625 0.93896484375 0.0615234375 0.1201171875
0 0.34228515625 0.84423828125 0.1142578125 0.0986328125
0 0.55224609375 0.93603515625 0.0576171875 0.1220703125
0 0.75 0.84228515625 0.064453125 0.0693359375
0 0.2724609375 0.8212890625 0.08203125 0.13671875
0 0.46875 0.30322265625 0.115234375 0.0927734375
0 0.20703125 0.8291015625 0.1015625 0.1015625
0 0.9072265625 0.47412109375 0.1015625 0.0771484375
0 0.60791015625 0.7431640625 0.0849609375 0.09375
0 0.236328125 0.1259765625 0.060546875 0.109375
0 0.69482421875 0.97509765625 0.0966796875 0.0498046875
0 0.6298828125 0.0302734375 0.072265625 0.060546875
0 0.2763671875 0.29541015625 0.09765625 0.0947265625
0 0.90625 0.59130859375 0.083984375 0.0712890625
0 0.23681640625 0.93701171875 0.0947265625 0.1201171875
0 0.759765625 0.55078125 0.09375 0.083984375
0 0.390625 0.03759765625 0.083984375 0.0693359375
0 0.779296875 0.27099609375 0.08203125 0.1357421875
0 0.97802734375 0.75341796875 0.0439453125 0.1591796875
0 0.65185546875 0.4501953125 0.0791015625 0.078125
0 0.06201171875 0.873046875 0.1240234375 0.111328125
0 0.69580078125 0.18310546875 0.1220703125 0.1806640625
0 0.85302734375 0.3173828125 0.0927734375 0.0703125
0 0.04150390625 0.9501953125 0.0830078125 0.091796875
0 0.53955078125 0.08837890625 0.1435546875 0.0732421875
0 0.04296875 0.71484375 0.0859375 0.138671875
0 0.49462890625 0.41259765625 0.0810546875 0.1728515625
0 0.048828125 0.44677734375 0.09765625 0.0791015625
0 0.45361328125 0.8701171875 0.1298828125 0.091796875
0 0.962890625 0.2578125 0.072265625 0.12890625
0 0.3291015625 0.52783203125 0.08203125 0.0751953125
0 0.35498046875 0.6982421875 0.1142578125 0.087890625
0 0.15869140625 0.92578125 0.0673828125 0.126953125
