0 0.19580078125 0.3603515625 0.1025390625 0.06640625
0 0.5224609375 0.396484375 0.111328125 0.12109375
0 0.55712890625 0.15625 0.1162109375 0.09765625
0 0.0546875 0.40087890625 0.091796875 0.1083984375
0 0.91552734375 0.4638671875 0.1123046875 0.068359375
0 0.3857421875 0.14501953125 0.076171875 0.0810546875
0 0.796875 0.04443359375 0.08203125 0.0888671875
0 0.95263671875 0.59521484375 0.0712890625 0.0791015625
0 0.2080078125 0.89697265625 0.10546875 0.1240234375
0 0.5517578125 0.0439453125 0.1171875 0.08203125
0 0.09130859375 0.84716796875 0.0986328125 0.0849609375
0 0.51171875 0.49853515625 0.068359375 0.0595703125
0 0.37548828125 0.96044921875 0.0888671875 0.0751953125
0 0.06201171875 0.935546875 0.1240234375 0.0859375
0 0.2998046875 0.2744140625 0.1484375 0.091796875
0 0.455078125 0.37060546875 0.076171875 0.0732421875
0 0.10693359375 0.6650390625 0.0771484375 0.09375
0 0.8671875 0.0966796875 0.08984375 0.150390625
0 0.0283203125 0.234375 0.056640625 0.125
0 0.5185546875 0.736328125 0.1171875 0.1171875
0 0.82666015625 0.76513671875 0.0634765625 0.0673828125
0 0.14111328125 0.958984375 0.0869140625 0.080078125
0 0.35693359375 0.67578125 0.0908203125 0.10546875
0 0.9111328125 0.52197265625 0.0703125 0.0693359375
0 0.705078125 0.97412109375 0.1015625 0.0458984375
0 0.86962890625 0.94140625 0.1298828125 0.115234375
0 0.5947265625 0.5400390625 0.072265625 0.06640625
0 0.61181640625 0.1396484375 0.0771484375 0.078125
0 0.7353515625 0.89453125 0.126953125 0.166015625
0 0.90087890625 0.8125 0.0791015625 0.103515625
