0 0.3505859375 0.833984375 0.1015625 0.099609375
0 0.36376953125 0.11767578125 0.0791015625 0.1005859375
0 0.27587890625 0.2392578125 0.1064453125 0.095703125
0 0.31494140625 0.5087890625 0.1748046875 0.16796875
0 0.33544921875 0.447265625 0.0615234375 0.08203125
0 0.0859375 0.04638671875 0.08984375 0.0576171875
0 0.60595703125 0.646484375 0.0576171875 0.0546875
0 0.5458984375 0.49462890625 0.15625 0.1044921875
0 0.45263671875 0.66552734375 0.1044921875 0.1787109375
0 0.830078125 0.58984375 0.068359375 0.076171875
0 0.53173828125 0.28173828125 0.0908203125 0.0498046875
0 0.23291015625 0.4189453125 0.1220703125 0.146484375
0 0.76513671875 0.21728515625 0.0771484375 0.1904296875
0 0.86767578125 0.5537109375 0.0576171875 0.06640625
0 0.13037109375 0.703125 0.1064453125 0.138671875
0 0.0859375 0.548828125 0.171875 0.12890625
0 0.70556640625 0.4873046875 0.1162109375 0.126953125
0 0.7119140625 0.38427734375 0.10546875 0.1103515625
0 0.341796875 0.6376953125 0.08203125 0.072265625
0 0.7109375 0.2431640625 0.091796875 0.158203125
0 0.60302734375 0.79931640625 0.0458984375 0.1123046875
0 0.66015625 0.09228515625 0.123046875 0.1103515625
0 0.54248046875 0.1396484375 0.0712890625 0.119140625
0 0.79736328125 0.53515625 0.0634765625 0.142578125
0 0.1455078125 0.1162109375 0.08984375 0.126953125
0 0.06591796875 0.96533203125 0.1123046875 0.0654296875
0 0.9267578125 0.779296875 0.087890625 0.11328125
