0 0.244140625 0.43701171875 0.115234375 0.1025390625
0 0.1201171875 0.76953125 0.087890625 0.0859375
0 0.12353515625 0.6552734375 0.0908203125 0.12890625
0 0.03857421875 0.802734375 0.0771484375 0.08984375
0 0.34130859375 0.87255859375 0.1162109375 0.0830078125
0 0.59033203125 0.22119140625 0.0966796875 0.1162109375
0 0.5361328125 0.42578125 0.1328125 0.0859375
0 0.111328125 0.03857421875 0.134765625 0.0771484375
0 0.60888671875 0.8544921875 0.0615234375 0.08984375
0 0.79052734375 0.0908203125 0.0966796875 0.083984375
0 0.89599609375 0.7958984375 0.0771484375 0.07421875
0 0.69189453125 0.87890625 0.0869140625 0.091796875
0 0.04443359375 0.08447265625 0.0888671875 0.1669921875
0 0.46337890625 0.7333984375 0.0830078125 0.068359375
0 0.72119140625 0.22412109375 0.0927734375 0.1005859375
0 0.3076171875 0.8095703125 0.08984375 0.06640625
0 0.41552734375 0.970703125 0.0927734375 0.056640625
0 0.6767578125 0.40771484375 0.08984375 0.0595703125
0 0.0419921875 0.19091796875 0.083984375 0.0869140625
0 0.9404296875 0.078125 0.07421875 0.10546875
0 0.16748046875 0.11669921875 0.0673828125 0.1259765625
0 0.70849609375 0.47021484375 0.0693359375 0.1044921875
0 0.07470703125 0.9462890625 0.0986328125 0.099609375
0 0.564453125 0.61181640625 0.0703125 0.0732421875
0 0.86572265625 0.0244140625 0.1005859375 0.048828125
0 0.1669921875 0.3095703125 0.1015625 0.119140625
0 0.2314453125 0.11572265625 0.08203125 0.1142578125
0 0.521484375 0.0361328125 0.078125 0.0703125
0 0.9736328125 0.845703125 0.046875 0.06640625
0 0.3447265625 0.4169921875 0.10546875 0.111328125
