0 0.3291015625 0.6962890625 0.1015625 0.109375
0 0.921875 0.49462890625 0.154296875 0.1533203125
0 0.12841796875 0.3818359375 0.2548828125 0.09375
0 0.45947265625 0.8759765625 0.0810546875 0.13671875
0 0.9091796875 0.853515625 0.09375 0.185546875
0 0.21875 0.92431640625 0.10546875 0.0947265625
0 0.6669921875 0.5634765625 0.123046875 0.078125
0 0.95361328125 0.92919921875 0.0908203125 0.1396484375
0 0.18701171875 0.73291015625 0.0771484375 0.0732421875
0 0.083984375 0.78466796875 0.138671875 0.2001953125
0 0.224609375 0.8525390625 0.15234375 0.16796875
0 0.74169921875 0.404296875 0.0927734375 0.087890625
0 0.94482421875 0.04736328125 0.1083984375 0.0927734375
0 0.52294921875 0.02099609375 0.1142578125 0.0400390625
0 0.8583984375 0.43896484375 0.19140625 0.0908203125
0 0.72998046875 0.123046875 0.1279296875 0.095703125
0 0.591796875 0.86279296875 0.1015625 0.1123046875
0 0.9716796875 0.3193359375 0.0546875 0.08984375
0 0.251953125 0.6396484375 0.185546875 0.091796875
