0 0.416015625 0.37744140625 0.1640625 0.1298828125
0 0.787109375 0.73291015625 0.08984375 0.1279296875
0 0.267578125 0.037109375 0.11328125 0.07421875
0 0.01708984375 0.87841796875 0.0341796875 0.1572265625
0 0.91796875 0.03076171875 0.162109375 0.0615234375
0 0.4228515625 0.2158203125 0.11328125 0.177734375
0 0.65380859375 0.5771484375 0.0908203125 0.080078125
0 0.23828125 0.38232421875 0.091796875 0.0830078125
0 0.4833984375 0.85546875 0.14453125 0.158203125
0 0.77490234375 0.57275390625 0.1064453125 0.1162109375
0 0.64990234375 0.66455078125 0.1162109375 0.0791015625
0 0.60888671875 0.79345703125 0.0771484375 0.1025390625
0 0.35595703125 0.49853515625 0.0791015625 0.1083984375
0 0.3232421875 0.703125 0.080078125 0.119140625
0 0.79638671875 0.275390625 0.1083984375 0.107421875
0 0.1171875 0.43701171875 0.130859375 0.0693359375
0 0.6513671875 0.193359375 0.162109375 0.1015625
0 0.119140625 0.16455078125 0.15234375 0.1728515625
0 0.68212890625 0.02490234375 0.1240234375 0.0498046875
0 0.3974609375 0.74658203125 0.1015625 0.1123046875
0 0.5458984375 0.16845703125 0.09765625 0.1650390625
0 0.568359375 0.90625 0.119140625 0.185546875
0 0.95751953125 0.2001953125 0.0830078125 0.12109375
