0 0.1455078125 0.07568359375 0.111328125 0.1005859375
0 0.46435546875 0.76171875 0.0693359375 0.19921875
0 0.6298828125 0.48046875 0.126953125 0.0859375
0 0.42041015625 0.93701171875 0.0908203125 0.1259765625
0 0.4267578125 0.3173828125 0.103515625 0.091796875
0 0.96240234375 0.97119140625 0.0732421875 0.0556640625
0 0.7646484375 0.2158203125 0.1171875 0.064453125
0 0.1357421875 0.40185546875 0.048828125 0.0439453125
0 0.04931640625 0.74169921875 0.0986328125 0.0869140625
0 0.046875 0.6748046875 0.09375 0.078125
0 0.97314453125 0.873046875 0.0458984375 0.11328125
0 0.51123046875 0.23681640625 0.0830078125 0.0966796875
0 0.69873046875 0.8193359375 0.0888671875 0.19140625
0 0.193359375 0.2802734375 0.11328125 0.14453125
0 0.27001953125 0.95703125 0.1142578125 0.0859375
0 0.0517578125 0.3837890625 0.103515625 0.08203125
0 0.56640625 0.1240234375 0.109375 0.099609375
