0 0.25146484375 0.76416015625 0.0966796875 0.0869140625
0 0.74560546875 0.3203125 0.0927734375 0.1171875
0 0.470703125 0.2705078125 0.064453125 0.103515625
0 0.203125 0.59375 0.095703125 0.16015625
0 0.5009765625 0.31298828125 0.060546875 0.0810546875
0 0.96142578125 0.82275390625 0.0751953125 0.0791015625
0 0.3935546875 0.7333984375 0.078125 0.0859375
0 0.52587890625 0.68212890625 0.0869140625 0.0986328125
0 0.095703125 0.63720703125 0.103515625 0.1083984375
0 0.92822265625 0.13525390625 0.1181640625 0.1083984375
0 0.22216796875 0.80517578125 0.1005859375 0.1142578125
0 0.4462890625 0.7255859375 0.087890625 0.103515625
0 0.705078125 0.05712890625 0.185546875 0.1142578125
0 0.83056640625 0.9365234375 0.0986328125 0.107421875
0 0.13330078125 0.11669921875 0.1123046875 0.1025390625
0 0.5966796875 0.76416015625 0.095703125 0.1044921875
0 0.0654296875 0.75146484375 0.130859375 0.1611328125
0 0.341796875 0.05078125 0.107421875 0.1015625
0 0.58935546875 0.0556640625 0.0712890625 0.072265625
0 0.33740234375 0.96435546875 0.1240234375 0.0693359375
