0 0.802734375 0.71484375 0.0859375 0.171875
0 0.5556640625 0.48193359375 0.119140625 0.0712890625
0 0.6455078125 0.37890625 0.078125 0.111328125
0 0.94921875 0.59326171875 0.099609375 0.0732421875
0 0.72119140625 0.54052734375 0.0927734375 0.0380859375
0 0.76025390625 0.92529296875 0.0927734375 0.0810546875
0 0.2919921875 0.8232421875 0.16796875 0.099609375
0 0.03857421875 0.041015625 0.0771484375 0.072265625
0 0.88916015625 0.98046875 0.1279296875 0.03515625
0 0.0390625 0.2802734375 0.078125 0.126953125
0 0.86328125 0.91259765625 0.083984375 0.1005859375
0 0.47021484375 0.12548828125 0.1025390625 0.0986328125
0 0.021484375 0.765625 0.04296875 0.06640625
0 0.81298828125 0.4560546875 0.1240234375 0.0625
0 0.89404296875 0.2919921875 0.1767578125 0.078125
0 0.9365234375 0.68701171875 0.09375 0.0751953125
0 0.56005859375 0.59375 0.1259765625 0.0625
0 0.48974609375 0.3515625 0.1123046875 0.11328125
0 0.11572265625 0.77734375 0.0849609375 0.056640625
0 0.47705078125 0.70361328125 0.1025390625 0.1142578125
0 0.51708984375 0.2021484375 0.0556640625 0.05078125
0 0.4765625 0.22021484375 0.06640625 0.0673828125
0 0.5654296875 0.2216796875 0.046875 0.05078125
