0 0.7919921875 0.27490234375 0.09375 0.0888671875
0 0.244140625 0.58349609375 0.109375 0.0908203125
0 0.328125 0.05224609375 0.10546875 0.1025390625
0 0.57470703125 0.8115234375 0.1083984375 0.080078125
0 0.01708984375 0.1923828125 0.0341796875 0.123046875
0 0.4296875 0.228515625 0.060546875 0.154296875
0 0.85009765625 0.0888671875 0.0693359375 0.115234375
0 0.39453125 0.25927734375 0.087890625 0.1279296875
0 0.353515625 0.0849609375 0.0859375 0.107421875
0 0.376953125 0.55322265625 0.166015625 0.0693359375
0 0.4384765625 0.8662109375 0.158203125 0.125
0 0.74658203125 0.740234375 0.1572265625 0.076171875
0 0.79736328125 0.46240234375 0.1982421875 0.1064453125
0 0.46826171875 0.369140625 0.0556640625 0.076171875
0 0.1904296875 0.09375 0.068359375 0.08203125
0 0.06591796875 0.7412109375 0.1181640625 0.154296875
0 0.578125 0.2724609375 0.07421875 0.0859375
0 0.43408203125 0.9638671875 0.1162109375 0.06640625
0 0.919921875 0.7998046875 0.158203125 0.09375
0 0.36572265625 0.7783203125 0.0732421875 0.083984375
0 0.921875 0.21240234375 0.140625 0.0830078125
0 0.2578125 0.04150390625 0.05078125 0.0771484375
0 0.1064453125 0.8671875 0.10546875 0.08984375
0 0.9296875 0.09423828125 0.09375 0.1708984375
0 0.34130859375 0.84814453125 0.1083984375 0.1142578125
