0 0.193359375 0.951171875 0.126953125 0.09765625
0 0.2802734375 0.44482421875 0.087890625 0.1748046875
0 0.8896484375 0.71728515625 0.087890625 0.1376953125
0 0.068359375 0.88330078125 0.09765625 0.0771484375
0 0.1552734375 0.35546875 0.0546875 0.1015625
0 0.919921875 0.59765625 0.11328125 0.083984375
0 0.77783203125 0.7451171875 0.0791015625 0.09765625
0 0.09716796875 0.97900390625 0.0654296875 0.0419921875
0 0.15087890625 0.71826171875 0.1201171875 0.0849609375
0 0.1513671875 0.80615234375 0.107421875 0.1708984375
0 0.06689453125 0.1494140625 0.0927734375 0.099609375
0 0.95458984375 0.43603515625 0.0888671875 0.1083984375
0 0.46044921875 0.7939453125 0.1337890625 0.126953125
0 0.98046875 0.23828125 0.0390625 0.103515625
0 0.83251953125 0.1650390625 0.0888671875 0.15234375
0 0.47265625 0.54541015625 0.115234375 0.1181640625
0 0.25634765625 0.15869140625 0.0712890625 0.0986328125
0 0.31005859375 0.10302734375 0.0810546875 0.1357421875
0 0.265625 0.27587890625 0.078125 0.1220703125
0 0.50244140625 0.2548828125 0.0595703125 0.068359375
0 0.28466796875 0.830078125 0.1064453125 0.091796875
0 0.46337890625 0.40869140625 0.0966796875 0.1435546875
0 0.48974609375 0.6865234375 0.1474609375 0.083984375
0 0.06494140625 0.34423828125 0.0693359375 0.0751953125
0 0.083984375 0.25830078125 0.064453125 0.0634765625
0 0.02880859375 0.673828125 0.0537109375 0.080078125
0 0.30712890625 0.49658203125 0.1767578125 0.0771484375
0 0.38720703125 0.09814453125 0.1044921875 0.1533203125
0 0.6181640625 0.625 0.07421875 0.140625
0 0.54736328125 0.2255859375 0.0888671875 0.080078125
0 0.9375 0.88525390625 0.123046875 0.1162109375
0 0.77685546875 0.88623046875 0.1455078125 0.1025390625
0 0.15283203125 0.49609375 0.1064453125 0.08203125
0 0.17578125 0.18994140625 0.0625 0.1318359375
0 0.1533203125 0.13330078125 0.080078125 0.1416015625
0 0.82421875 0.95166015625 0.064453125 0.0478515625
0 0.345703125 0.66845703125 0.158203125 0.0791015625
