0 0.44873046875 0.57470703125 0.0888671875 0.0908203125
0 0.93896484375 0.15576171875 0.1103515625 0.1806640625
0 0.60009765625 0.69677734375 0.0771484375 0.1396484375
0 0.71728515625 0.19287109375 0.2255859375 0.1025390625
0 0.68603515625 0.640625 0.1259765625 0.1015625
0 0.97802734375 0.82373046875 0.0419921875 0.0712890625
0 0.4560546875 0.474609375 0.126953125 0.18359375
0 0.15478515625 0.75537109375 0.1748046875 0.1748046875
0 0.95068359375 0.603515625 0.0966796875 0.09375
0 0.08203125 0.58056640625 0.162109375 0.1826171875
0 0.763671875 0.5029296875 0.115234375 0.109375
0 0.08837890625 0.150390625 0.0869140625 0.080078125
0 0.61279296875 0.13037109375 0.0986328125 0.0927734375
0 0.4912109375 0.9765625 0.068359375 0.044921875
0 0.82275390625 0.25830078125 0.0810546875 0.0927734375
0 0.10546875 0.07177734375 0.111328125 0.1005859375
0 0.0439453125 0.40966796875 0.087890625 0.1962890625
0 0.55810546875 0.0185546875 0.1005859375 0.037109375
0 0.955078125 0.4287109375 0.087890625 0.119140625
0 0.4130859375 0.9580078125 0.0859375 0.08203125
0 0.48388671875 0.091796875 0.1318359375 0.09765625
0 0.34619140625 0.88720703125 0.0966796875 0.0849609375
0 0.158203125 0.27392578125 0.111328125 0.1572265625
0 0.408203125 0.04638671875 0.119140625 0.0888671875
0 0.64599609375 0.474609375 0.0927734375 0.158203125
0 0.10205078125 0.67822265625 0.1259765625 0.0654296875
0 0.18310546875 0.51025390625 0.1552734375 0.1552734375
0 0.267578125 0.65283203125 0.12890625 0.1767578125
