0 0.4248046875 0.1533203125 0.16796875 0.099609375
0 0.92431640625 0.71923828125 0.1162109375 0.0966796875
0 0.66162109375 0.0185546875 0.1103515625 0.037109375
0 0.142578125 0.650390625 0.1171875 0.130859375
0 0.5341796875 0.240234375 0.140625 0.109375
0 0.724609375 0.46728515625 0.09375 0.1767578125
0 0.8974609375 0.05908203125 0.10546875 0.0947265625
0 0.05224609375 0.7744140625 0.1044921875 0.12109375
0 0.8916015625 0.5673828125 0.08984375 0.1015625
0 0.74560546875 0.18896484375 0.1005859375 0.1103515625
0 0.8056640625 0.08935546875 0.076171875 0.0791015625
0 0.509765625 0.4365234375 0.11328125 0.134765625
0 0.12939453125 0.94482421875 0.1025390625 0.1083984375
0 0.06201171875 0.67919921875 0.1240234375 0.1123046875
0 0.2841796875 0.5595703125 0.109375 0.189453125
0 0.34033203125 0.24560546875 0.1005859375 0.1025390625
0 0.64111328125 0.8984375 0.1162109375 0.09765625
0 0.45751953125 0.65966796875 0.0927734375 0.0830078125
0 0.900390625 0.97119140625 0.150390625 0.0556640625
0 0.09375 0.8154296875 0.091796875 0.091796875
0 0.56640625 0.31396484375 0.111328125 0.0908203125
0 0.08056640625 0.18603515625 0.1611328125 0.1259765625
0 0.66943359375 0.28515625 0.0830078125 0.08203125
