0 0.60400390625 0.83642578125 0.0986328125 0.1142578125
0 0.78759765625 0.794921875 0.0849609375 0.095703125
0 0.92529296875 0.173828125 0.1103515625 0.1328125
0 0.33544921875 0.28515625 0.2705078125 0.14453125
0 0.0791015625 0.56884765625 0.123046875 0.1689453125
0 0.50390625 0.060546875 0.06640625 0.12109375
0 0.53955078125 0.18310546875 0.1142578125 0.1513671875
0 0.50537109375 0.603515625 0.1162109375 0.0703125
0 0.24462890625 0.9482421875 0.1201171875 0.0703125
0 0.7529296875 0.0205078125 0.150390625 0.041015625
0 0.66796875 0.373046875 0.16796875 0.111328125
0 0.16064453125 0.7958984375 0.2255859375 0.078125
0 0.3134765625 0.70263671875 0.1171875 0.0810546875
0 0.8427734375 0.6826171875 0.099609375 0.09375
0 0.05908203125 0.0693359375 0.1064453125 0.12109375
0 0.9443359375 0.798828125 0.099609375 0.107421875
0 0.400390625 0.44482421875 0.09765625 0.0693359375
0 0.51513671875 0.50830078125 0.1376953125 0.1357421875
0 0.1318359375 0.462890625 0.060546875 0.0625
0 0.61083984375 0.55712890625 0.1064453125 0.0849609375
0 0.05126953125 0.818359375 0.0595703125 0.05859375
0 0.44580078125 0.052734375 0.0947265625 0.10546875
0 0.69775390625 0.896484375 0.1416015625 0.13671875
0 0.56640625 0.67236328125 0.17578125 0.0966796875
0 0.923828125 0.3212890625 0.142578125 0.16015625
0 0.12548828125 0.9599609375 0.0732421875 0.076171875
0 0.78955078125 0.12451171875 0.0810546875 0.0986328125
0 0.94921875 0.70751953125 0.095703125 0.0576171875
0 0.79736328125 0.9501953125 0.1240234375 0.080078125
0 0.18115234375 0.10888671875 0.1181640625 0.0751953125
0 0.7392578125 0.49072265625 0.12109375 0.0712890625
