0 0.14892578125 0.8427734375 0.0673828125 0.078125
0 0.28857421875 0.4873046875 0.1083984375 0.09375
0 0.51025390625 0.94384765625 0.0849609375 0.0869140625
0 0.81298828125 0.64208984375 0.0751953125 0.0693359375
0 0.90673828125 0.84033203125 0.0634765625 0.0634765625
0 0.15771484375 0.96728515625 0.0771484375 0.0576171875
0 0.701171875 0.37353515625 0.083984375 0.1005859375
0 0.64404296875 0.8798828125 0.0712890625 0.06640625
0 0.33935546875 0.26904296875 0.0615234375 0.0634765625
0 0.89306640625 0.970703125 0.0537109375 0.0546875
0 0.90673828125 0.90234375 0.1142578125 0.09375
0 0.15283203125 0.2373046875 0.0888671875 0.087890625
0 0.10009765625 0.5751953125 0.1181640625 0.09765625
0 0.712890625 0.50146484375 0.08984375 0.0888671875
0 0.654296875 0.24853515625 0.09375 0.1279296875
0 0.072265625 0.86279296875 0.107421875 0.0810546875
0 0.23779296875 0.7314453125 0.0849609375 0.064453125
0 0.75146484375 0.80419921875 0.0771484375 0.0654296875
0 0.59765625 0.83251953125 0.091796875 0.0888671875
0 0.81201171875 0.916015625 0.0849609375 0.072265625
0 0.0673828125 0.32275390625 0.10546875 0.0751953125
0 0.91552734375 0.0673828125 0.0751953125 0.068359375
0 0.177734375 0.353515625 0.087890625 0.107421875
