0 0.6376953125 0.27783203125 0.103515625 0.1435546875
0 0.9345703125 0.263671875 0.060546875 0.1015625
0 0.03271484375 0.603515625 0.0654296875 0.169921875
0 0.287109375 0.55712890625 0.173828125 0.1455078125
0 0.0595703125 0.9658203125 0.109375 0.06640625
0 0.876953125 0.89501953125 0.107421875 0.1552734375
0 0.19580078125 0.7900390625 0.0869140625 0.091796875
0 0.97265625 0.93212890625 0.046875 0.0712890625
0 0.73388671875 0.01806640625 0.0791015625 0.0361328125
0 0.39599609375 0.66943359375 0.0888671875 0.1298828125
0 0.1259765625 0.74951171875 0.109375 0.0830078125
0 0.75830078125 0.41259765625 0.0986328125 0.0888671875
0 0.5419921875 0.6484375 0.142578125 0.181640625
0 0.529296875 0.740234375 0.166015625 0.234375
0 0.44873046875 0.408203125 0.0771484375 0.134765625
0 0.3486328125 0.060546875 0.107421875 0.12109375
0 0.60302734375 0.85546875 0.1142578125 0.0859375
0 0.1796875 0.03515625 0.13671875 0.0703125
0 0.26708984375 0.099609375 0.1220703125 0.18359375
0 0.07568359375 0.51806640625 0.1162109375 0.0712890625
0 0.1259765625 0.4375 0.228515625 0.216796875
0 0.7470703125 0.18408203125 0.134765625 0.0595703125
0 0.53173828125 0.9580078125 0.0869140625 0.08203125
0 0.94921875 0.5166015625 0.099609375 0.205078125
0 0.4150390625 0.77197265625 0.1015625 0.0986328125
0 0.14990234375 0.20556640625 0.1357421875 0.0927734375
0 0.6103515625 0.96142578125 0.087890625 0.0751953125
0 0.744140625 0.1044921875 0.138671875 0.083984375
