0 0.0380859375 0.5205078125 0.076171875 0.0859375
0 0.37060546875 0.7607421875 0.1044921875 0.138671875
0 0.890625 0.6298828125 0.119140625 0.1015625
0 0.11962890625 0.08056640625 0.0771484375 0.0869140625
0 0.05908203125 0.34912109375 0.1181640625 0.1923828125
0 0.89990234375 0.9345703125 0.0673828125 0.078125
0 0.5048828125 0.29443359375 0.0625 0.0791015625
0 0.96826171875 0.8935546875 0.0615234375 0.1328125
0 0.6689453125 0.5380859375 0.119140625 0.12890625
0 0.67236328125 0.86962890625 0.0849609375 0.0712890625
0 0.552734375 0.70703125 0.095703125 0.083984375
0 0.787109375 0.873046875 0.109375 0.06640625
0 0.36376953125 0.26318359375 0.0595703125 0.0732421875
0 0.92724609375 0.18359375 0.1376953125 0.091796875
0 0.41259765625 0.67041015625 0.1142578125 0.1025390625
0 0.29541015625 0.25244140625 0.0673828125 0.1025390625
0 0.6318359375 0.076171875 0.107421875 0.095703125
0 0.23486328125 0.2958984375 0.1142578125 0.0625
0 0.25146484375 0.06689453125 0.0927734375 0.1318359375
0 0.50732421875 0.15087890625 0.0869140625 0.0751953125
0 0.060546875 0.29833984375 0.060546875 0.1220703125
0 0.2470703125 0.6845703125 0.111328125 0.1328125
0 0.73974609375 0.94873046875 0.0888671875 0.0966796875
0 0.5634765625 0.0234375 0.0859375 0.044921875
0 0.392578125 0.93701171875 0.146484375 0.0849609375
0 0.18505859375 0.20166015625 0.0693359375 0.0576171875
0 0.59716796875 0.6162109375 0.0927734375 0.087890625
0 0.13134765625 0.90625 0.1259765625 0.166015625
