0 0.75146484375 0.240234375 0.0849609375 0.08984375
0 0.45947265625 0.9345703125 0.1181640625 0.080078125
0 0.064453125 0.7763671875 0.12890625 0.087890625
0 0.3740234375 0.111328125 0.05078125 0.099609375
0 0.841796875 0.55517578125 0.1171875 0.0830078125
0 0.5244140625 0.83837890625 0.095703125 0.1044921875
0 0.095703125 0.34423828125 0.125 0.1103515625
0 0.5771484375 0.73388671875 0.06640625 0.0712890625
0 0.85498046875 0.4326171875 0.0830078125 0.083984375
0 0.95068359375 0.39501953125 0.0908203125 0.1083984375
0 0.81640625 0.35107421875 0.10546875 0.0986328125
0 0.40869140625 0.0791015625 0.0712890625 0.140625
0 0.02880859375 0.35791015625 0.0576171875 0.0966796875
0 0.03076171875 0.87060546875 0.0615234375 0.0791015625
0 0.6533203125 0.0634765625 0.083984375 0.109375
0 0.7431640625 0.07470703125 0.080078125 0.0830078125
0 0.1337890625 0.931640625 0.09375 0.095703125
0 0.11865234375 0.29833984375 0.0673828125 0.0869140625
