0 0.0966796875 0.19873046875 0.173828125 0.0810546875
0 0.7548828125 0.48095703125 0.06640625 0.0634765625
0 0.03857421875 0.3203125 0.0615234375 0.076171875
0 0.3291015625 0.6767578125 0.091796875 0.068359375
0 0.62841796875 0.04052734375 0.1044921875 0.0810546875
0 0.9013671875 0.43798828125 0.115234375 0.0830078125
0 0.06884765625 0.92138671875 0.1357421875 0.0927734375
0 0.7880859375 0.9677734375 0.078125 0.05859375
0 0.47998046875 0.1845703125 0.1201171875 0.11328125
0 0.03125 0.53662109375 0.0625 0.0830078125
0 0.556640625 0.84912109375 0.09765625 0.1181640625
0 0.22412109375 0.75927734375 0.1474609375 0.1533203125
0 0.06787109375 0.28759765625 0.0576171875 0.0927734375
0 0.96337890625 0.48388671875 0.0439453125 0.0654296875
0 0.09619140625 0.84033203125 0.1240234375 0.1806640625
0 0.2724609375 0.09716796875 0.0859375 0.0927734375
0 0.07861328125 0.453125 0.1103515625 0.09765625
0 0.72119140625 0.05126953125 0.0654296875 0.1025390625
0 0.88330078125 0.21044921875 0.1181640625 0.0830078125
0 0.9365234375 0.7236328125 0.125 0.1875
0 0.48388671875 0.54345703125 0.0927734375 0.1337890625
0 0.44189453125 0.42333984375 0.0673828125 0.1259765625
0 0.7314453125 0.29736328125 0.115234375 0.0849609375
0 0.09619140625 0.6025390625 0.1767578125 0.107421875
0 0.736328125 0.5439453125 0.158203125 0.0703125
0 0.28759765625 0.02880859375 0.1416015625 0.0576171875
0 0.12841796875 0.291015625 0.0673828125 0.205078125
0 0.962890625 0.2109375 0.072265625 0.16796875
0 0.9765625 0.7021484375 0.044921875 0.158203125
0 0.244140625 0.45947265625 0.1171875 0.0810546875
0 0.89404296875 0.9619140625 0.0673828125 0.072265625
