0 0.36669921875 0.5986328125 0.0947265625 0.08984375
0 0.740234375 0.1796875 0.177734375 0.111328125
0 0.5185546875 0.58642578125 0.0625 0.0751953125
0 0.69970703125 0.9541015625 0.2041015625 0.087890625
0 0.77099609375 0.61865234375 0.1005859375 0.0673828125
0 0.15673828125 0.47509765625 0.1025390625 0.1064453125
0 0.95361328125 0.0302734375 0.0908203125 0.056640625
0 0.271484375 0.33154296875 0.11328125 0.1318359375
0 0.431640625 0.3740234375 0.091796875 0.076171875
0 0.986328125 0.22021484375 0.025390625 0.1025390625
0 0.4267578125 0.90673828125 0.103515625 0.1064453125
0 0.2041015625 0.89794921875 0.07421875 0.0830078125
0 0.13671875 0.8935546875 0.107421875 0.091796875
0 0.31103515625 0.9658203125 0.0712890625 0.05859375
0 0.4658203125 0.7373046875 0.21875 0.083984375
0 0.0322265625 0.3466796875 0.064453125 0.099609375
0 0.48193359375 0.916015625 0.0771484375 0.041015625
0 0.50390625 0.81103515625 0.1640625 0.0712890625
0 0.85107421875 0.57177734375 0.1611328125 0.0712890625
0 0.140625 0.765625 0.125 0.119140625
0 0.40283203125 0.2548828125 0.0830078125 0.13671875
0 0.28857421875 0.63818359375 0.1455078125 0.1103515625
0 0.935546875 0.65771484375 0.0859375 0.0908203125
