0 0.900390625 0.65673828125 0.08203125 0.1005859375
0 0.13671875 0.32373046875 0.109375 0.1123046875
0 0.57421875 0.52587890625 0.09375 0.0947265625
0 0.0556640625 0.4951171875 0.111328125 0.109375
0 0.54833984375 0.02197265625 0.1044921875 0.0439453125
0 0.048828125 0.76318359375 0.091796875 0.1181640625
0 0.02880859375 0.34130859375 0.0576171875 0.0771484375
0 0.6376953125 0.4736328125 0.103515625 0.087890625
0 0.083984375 0.68212890625 0.16796875 0.1044921875
0 0.72998046875 0.44482421875 0.0830078125 0.0810546875
0 0.4560546875 0.14501953125 0.0703125 0.1181640625
0 0.392578125 0.6328125 0.076171875 0.103515625
0 0.6435546875 0.93994140625 0.125 0.1142578125
0 0.22412109375 0.7099609375 0.1181640625 0.07421875
0 0.5419921875 0.767578125 0.09765625 0.107421875
0 0.3154296875 0.16748046875 0.15625 0.1435546875
0 0.66357421875 0.3037109375 0.1494140625 0.15234375
0 0.50830078125 0.9599609375 0.1396484375 0.076171875
0 0.1572265625 0.13720703125 0.1015625 0.1123046875
0 0.9443359375 0.52197265625 0.09765625 0.0751953125
0 0.056640625 0.88330078125 0.11328125 0.1513671875
0 0.43798828125 0.03662109375 0.1064453125 0.0732421875
0 0.384765625 0.234375 0.119140625 0.08984375
0 0.05126953125 0.40771484375 0.0830078125 0.0810546875
0 0.90234375 0.166015625 0.193359375 0.06640625
0 0.828125 0.50927734375 0.080078125 0.0810546875
0 0.966796875 0.6279296875 0.06640625 0.060546875
0 0.77294921875 0.54296875 0.0576171875 0.072265625
