0 0.708984375 0.095703125 0.09765625 0.146484375
0 0.68212890625 0.50244140625 0.1044921875 0.1259765625
0 0.1806640625 0.04833984375 0.0546875 0.0673828125
0 0.3603515625 0.61279296875 0.111328125 0.0888671875
0 0.5927734375 0.66455078125 0.078125 0.0791015625
0 0.30322265625 0.46142578125 0.1201171875 0.0791015625
0 0.625 0.3232421875 0.07421875 0.111328125
0 0.23828125 0.14111328125 0.091796875 0.1103515625
0 0.70166015625 0.94970703125 0.0947265625 0.0966796875
0 0.39892578125 0.830078125 0.0908203125 0.0859375
0 0.55859375 0.3720703125 0.078125 0.0546875
0 0.42431640625 0.08642578125 0.0869140625 0.1337890625
0 0.94921875 0.859375 0.099609375 0.08203125
0 0.0810546875 0.11328125 0.080078125 0.099609375
0 0.0625 0.916015625 0.125 0.09375
0 0.22314453125 0.5283203125 0.0810546875 0.099609375
0 0.49072265625 0.38232421875 0.0751953125 0.0751953125
0 0.5244140625 0.32861328125 0.13671875 0.0732421875
0 0.52099609375 0.86865234375 0.1591796875 0.0986328125
0 0.818359375 0.953125 0.138671875 0.08984375
0 0.48828125 0.4736328125 0.06640625 0.078125
0 0.95361328125 0.48095703125 0.0537109375 0.0634765625
0 0.1484375 0.10107421875 0.072265625 0.1396484375
0 0.59716796875 0.04443359375 0.0888671875 0.0869140625
0 0.7646484375 0.56103515625 0.056640625 0.0693359375
0 0.431640625 0.9443359375 0.240234375 0.109375
0 0.04541015625 0.4658203125 0.0908203125 0.10546875
0 0.12451171875 0.2607421875 0.1201171875 0.16796875
