0 0.6953125 0.42529296875 0.1640625 0.0732421875
0 0.5546875 0.35546875 0.173828125 0.185546875
0 0.5107421875 0.76513671875 0.11328125 0.2275390625
0 0.02294921875 0.9326171875 0.0458984375 0.095703125
0 0.0361328125 0.46044921875 0.072265625 0.1162109375
0 0.52978515625 0.13037109375 0.0673828125 0.0615234375
0 0.94384765625 0.462890625 0.1103515625 0.083984375
0 0.38916015625 0.75048828125 0.1611328125 0.1005859375
0 0.4130859375 0.56201171875 0.091796875 0.0751953125
0 0.7265625 0.279296875 0.138671875 0.22265625
0 0.1044921875 0.18359375 0.14453125 0.115234375
0 0.9111328125 0.35498046875 0.119140625 0.2216796875
0 0.9619140625 0.0615234375 0.07421875 0.1171875
0 0.44775390625 0.31201171875 0.1845703125 0.1005859375
0 0.2919921875 0.75244140625 0.09765625 0.0498046875
0 0.50537109375 0.5234375 0.2216796875 0.171875
0 0.95849609375 0.96435546875 0.0673828125 0.0654296875
0 0.794921875 0.97412109375 0.091796875 0.0498046875
0 0.06005859375 0.41943359375 0.0517578125 0.1142578125
0 0.03466796875 0.15576171875 0.0693359375 0.0888671875
0 0.30078125 0.93359375 0.119140625 0.130859375
0 0.14599609375 0.46875 0.0732421875 0.130859375
0 0.78955078125 0.58447265625 0.1923828125 0.1728515625
0 0.05419921875 0.978515625 0.0673828125 0.0390625
0 0.19189453125 0.1904296875 0.0830078125 0.197265625
0 0.38525390625 0.4423828125 0.0869140625 0.09765625
0 0.458984375 0.61962890625 0.140625 0.0869140625
0 0.169921875 0.6923828125 0.095703125 0.095703125
0 0.23095703125 0.48291015625 0.1044921875 0.1513671875
0 0.70166015625 0.7734375 0.1064453125 0.126953125
0 0.70361328125 0.18359375 0.1064453125 0.091796875
0 0.11181640625 0.62158203125 0.1005859375 0.2138671875
0 0.54296875 0.9736328125 0.142578125 0.046875
0 0.79541015625 0.68310546875 0.0693359375 0.0615234375
0 0.86572265625 0.69091796875 0.0439453125 0.1630859375
