0 0.1435546875 0.22265625 0.068359375 0.05859375
0 0.05810546875 0.0263671875 0.0673828125 0.052734375
0 0.19970703125 0.8740234375 0.0615234375 0.0625
0 0.1044921875 0.8310546875 0.07421875 0.07421875
0 0.30078125 0.92626953125 0.10546875 0.1123046875
0 0.2353515625 0.15869140625 0.09375 0.0947265625
0 0.65283203125 0.55859375 0.0908203125 0.083984375
0 0.11669921875 0.3154296875 0.1669921875 0.083984375
0 0.3857421875 0.43359375 0.087890625 0.078125
0 0.24072265625 0.46435546875 0.0693359375 0.0966796875
0 0.693359375 0.619140625 0.099609375 0.064453125
0 0.52001953125 0.87451171875 0.0751953125 0.1044921875
0 0.59326171875 0.77099609375 0.1025390625 0.1083984375
0 0.70068359375 0.47119140625 0.1123046875 0.0556640625
0 0.77685546875 0.45361328125 0.0556640625 0.1025390625
0 0.94140625 0.505859375 0.095703125 0.068359375
0 0.8369140625 0.72412109375 0.083984375 0.0673828125
0 0.11474609375 0.42919921875 0.1064453125 0.0908203125
0 0.775390625 0.212890625 0.09375 0.091796875
0 0.884765625 0.18798828125 0.10546875 0.0732421875
0 0.31201171875 0.275390625 0.0810546875 0.107421875
0 0.154296875 0.03955078125 0.087890625 0.0791015625
0 0.55615234375 0.96875 0.0908203125 0.05859375
0 0.4873046875 0.30419921875 0.07421875 0.0830078125
0 0.10693359375 0.669921875 0.0498046875 0.0546875
0 0.4794921875 0.09619140625 0.08203125 0.0927734375
0 0.39990234375 0.86669921875 0.0830078125 0.0927734375
0 0.55859375 0.06103515625 0.072265625 0.0888671875
0 0.95947265625 0.9501953125 0.0732421875 0.07421875
