0 0.181640625 0.87548828125 0.201171875 0.1279296875
0 0.4072265625 0.8056640625 0.142578125 0.078125
0 0.86181640625 0.39501953125 0.1044921875 0.1220703125
0 0.4443359375 0.3046875 0.07421875 0.1015625
0 0.068359375 0.109375 0.13671875 0.083984375
0 0.7021484375 0.66552734375 0.080078125 0.1064453125
0 0.580078125 0.056640625 0.111328125 0.109375
0 0.8564453125 0.55419921875 0.12109375 0.1904296875
0 0.0263671875 0.42431640625 0.05078125 0.0869140625
0 0.4814453125 0.95068359375 0.0859375 0.0986328125
0 0.666015625 0.17236328125 0.10546875 0.1396484375
0 0.4345703125 0.12451171875 0.08203125 0.1337890625
0 0.46240234375 0.8662109375 0.1083984375 0.083984375
0 0.791015625 0.365234375 0.08203125 0.111328125
0 0.84521484375 0.86962890625 0.0849609375 0.1728515625
0 0.08349609375 0.853515625 0.1435546875 0.078125
