0 0.31787109375 0.33447265625 0.0751953125 0.1787109375
0 0.58154296875 0.8349609375 0.0751953125 0.072265625
0 0.93310546875 0.4794921875 0.1298828125 0.1328125
0 0.76513671875 0.107421875 0.0947265625 0.16015625
0 0.86328125 0.23974609375 0.09375 0.0693359375
0 0.4091796875 0.76220703125 0.150390625 0.1552734375
0 0.10302734375 0.72119140625 0.0830078125 0.1435546875
0 0.072265625 0.5 0.076171875 0.123046875
0 0.32861328125 0.08251953125 0.1923828125 0.0908203125
0 0.4365234375 0.9736328125 0.23046875 0.05078125
0 0.966796875 0.517578125 0.064453125 0.134765625
0 0.03271484375 0.6796875 0.0654296875 0.091796875
0 0.75439453125 0.38623046875 0.2099609375 0.1083984375
0 0.43701171875 0.1982421875 0.1083984375 0.10546875
0 0.1923828125 0.0166015625 0.08984375 0.03125
0 0.96142578125 0.26220703125 0.0732421875 0.1083984375
0 0.189453125 0.1767578125 0.08984375 0.11328125
0 0.3876953125 0.3447265625 0.080078125 0.130859375
0 0.64697265625 0.259765625 0.0791015625 0.1328125
0 0.0322265625 0.25439453125 0.064453125 0.0927734375
0 0.21240234375 0.2841796875 0.0751953125 0.154296875
0 0.080078125 0.4111328125 0.13671875 0.107421875
