0 0.42138671875 0.28125 0.0771484375 0.12890625
0 0.443359375 0.4619140625 0.07421875 0.07421875
0 0.9638671875 0.67138671875 0.0703125 0.0693359375
0 0.87744140625 0.1572265625 0.0693359375 0.068359375
0 0.361328125 0.0625 0.08203125 0.087890625
0 0.97021484375 0.74365234375 0.0478515625 0.0498046875
0 0.02978515625 0.02197265625 0.0595703125 0.0439453125
0 0.55859375 0.91943359375 0.0859375 0.0947265625
0 0.57861328125 0.5927734375 0.0927734375 0.115234375
0 0.29736328125 0.8447265625 0.0966796875 0.080078125
0 0.34814453125 0.48974609375 0.0888671875 0.0908203125
0 0.89013671875 0.48876953125 0.1064453125 0.1044921875
0 0.169921875 0.3564453125 0.052734375 0.048828125
0 0.02783203125 0.30126953125 0.0556640625 0.0654296875
0 0.32470703125 0.27392578125 0.0673828125 0.0654296875
0 0.89453125 0.2705078125 0.087890625 0.09375
0 0.78857421875 0.51953125 0.0830078125 0.091796875
0 0.41845703125 0.5078125 0.0732421875 0.076171875
0 0.7548828125 0.876953125 0.076171875 0.091796875
0 0.1728515625 0.64794921875 0.103515625 0.0966796875
0 0.14453125 0.29833984375 0.068359375 0.1044921875
0 0.263671875 0.27978515625 0.064453125 0.0849609375
0 0.59130859375 0.8310546875 0.0751953125 0.078125
0 0.3154296875 0.36865234375 0.0859375 0.1181640625
0 0.2998046875 0.7041015625 0.08984375 0.09765625
0 0.95361328125 0.0537109375 0.0927734375 0.107421875
0 0.4755859375 0.41455078125 0.08203125 0.0849609375
0 0.7626953125 0.478515625 0.09375 0.064453125
