0 0.66552734375 0.63720703125 0.1162109375 0.2431640625
0 0.52490234375 0.43359375 0.1044921875 0.125
0 0.4267578125 0.35400390625 0.0703125 0.0927734375
0 0.7724609375 0.048828125 0.095703125 0.091796875
0 0.62451171875 0.884765625 0.1611328125 0.19921875
0 0.9248046875 0.814453125 0.125 0.1640625
0 0.31201171875 0.8642578125 0.2021484375 0.162109375
0 0.3740234375 0.52197265625 0.115234375 0.0771484375
0 0.95068359375 0.70166015625 0.0966796875 0.1533203125
0 0.37158203125 0.9580078125 0.1044921875 0.076171875
0 0.1689453125 0.4033203125 0.181640625 0.109375
0 0.91064453125 0.04833984375 0.0791015625 0.0771484375
0 0.658203125 0.35107421875 0.11328125 0.1455078125
0 0.380859375 0.0732421875 0.0703125 0.09765625
0 0.22900390625 0.6259765625 0.1064453125 0.09375
0 0.05078125 0.09619140625 0.1015625 0.1083984375
0 0.8134765625 0.43408203125 0.123046875 0.0908203125
0 0.40771484375 0.193359375 0.0810546875 0.109375
0 0.10302734375 0.48681640625 0.2060546875 0.1298828125
0 0.88330078125 0.115234375 0.1083984375 0.173828125
