0 0.81689453125 0.9111328125 0.0830078125 0.052734375
0 0.2392578125 0.27001953125 0.091796875 0.0693359375
0 0.943359375 0.90673828125 0.09375 0.0869140625
0 0.419921875 0.0478515625 0.076171875 0.095703125
0 0.791015625 0.75830078125 0.154296875 0.0712890625
0 0.6162109375 0.31201171875 0.08984375 0.0927734375
0 0.82373046875 0.587890625 0.1396484375 0.138671875
0 0.755859375 0.29296875 0.078125 0.21484375
0 0.85791015625 0.83349609375 0.2587890625 0.1455078125
0 0.67919921875 0.86181640625 0.1162109375 0.0888671875
0 0.93408203125 0.97314453125 0.0751953125 0.0517578125
0 0.83203125 0.11083984375 0.205078125 0.0947265625
0 0.412109375 0.6328125 0.169921875 0.078125
0 0.39404296875 0.2060546875 0.0771484375 0.103515625
0 0.85205078125 0.6611328125 0.1533203125 0.095703125
0 0.359375 0.51318359375 0.08984375 0.1689453125
0 0.21435546875 0.45263671875 0.1044921875 0.1904296875
0 0.6064453125 0.67529296875 0.138671875 0.1533203125
0 0.32666015625 0.439453125 0.0712890625 0.0859375
0 0.94677734375 0.12158203125 0.0830078125 0.1083984375
0 0.0771484375 0.5234375 0.0859375 0.111328125
0 0.72021484375 0.31396484375 0.2392578125 0.1220703125
0 0.2607421875 0.15673828125 0.099609375 0.1318359375
0 0.1171875 0.90283203125 0.037109375 0.0849609375
0 0.04638671875 0.0498046875 0.0849609375 0.099609375
0 0.57373046875 0.796875 0.0595703125 0.064453125
0 0.57763671875 0.25146484375 0.1337890625 0.1552734375
0 0.69921875 0.0498046875 0.177734375 0.091796875
0 0.70263671875 0.921875 0.1240234375 0.078125
0 0.36962890625 0.310546875 0.1025390625 0.099609375
0 0.43798828125 0.0966796875 0.1962890625 0.13671875
0 0.03173828125 0.9345703125 0.0634765625 0.125
