0 0.73828125 0.15771484375 0.083984375 0.0830078125
0 0.98095703125 0.57421875 0.0380859375 0.064453125
0 0.232421875 0.52099609375 0.0703125 0.0712890625
0 0.15283203125 0.6669921875 0.0791015625 0.091796875
0 0.92236328125 0.93408203125 0.1083984375 0.1298828125
0 0.837890625 0.7607421875 0.0703125 0.068359375
0 0.68701171875 0.4833984375 0.1298828125 0.0859375
0 0.04541015625 0.31787109375 0.0908203125 0.0693359375
0 0.5048828125 0.2353515625 0.103515625 0.109375
0 0.6328125 0.353515625 0.1171875 0.107421875
0 0.6357421875 0.63671875 0.076171875 0.0703125
0 0.36181640625 0.01611328125 0.0673828125 0.0302734375
0 0.9072265625 0.0224609375 0.0703125 0.044921875
0 0.03662109375 0.15625 0.0537109375 0.08203125
0 0.46533203125 0.2958984375 0.0673828125 0.06640625
0 0.73681640625 0.6455078125 0.0791015625 0.078125
0 0.16259765625 0.25048828125 0.0791015625 0.0693359375
0 0.72412109375 0.3447265625 0.0830078125 0.07421875
0 0.43798828125 0.962890625 0.1005859375 0.0703125
0 0.939453125 0.62890625 0.072265625 0.064453125
0 0.18115234375 0.58447265625 0.0732421875 0.1103515625
0 0.24853515625 0.314453125 0.0791015625 0.080078125
0 0.77734375 0.29052734375 0.076171875 0.0712890625
0 0.83056640625 0.03857421875 0.0966796875 0.0751953125
0 0.0234375 0.779296875 0.046875 0.09765625
0 0.08837890625 0.81494140625 0.0732421875 0.0751953125
0 0.2333984375 0.8564453125 0.11328125 0.087890625
0 0.40966796875 0.63427734375 0.0751953125 0.0869140625
0 0.0390625 0.68798828125 0.078125 0.1044921875
0 0.244140625 0.2255859375 0.087890625 0.078125
0 0.33056640625 0.78369140625 0.0947265625 0.1259765625
0 0.11474609375 0.904296875 0.0888671875 0.083984375
