0 0.04345703125 0.6533203125 0.0478515625 0.037109375
0 0.82080078125 0.982421875 0.0869140625 0.033203125
0 0.01611328125 0.66357421875 0.0322265625 0.1708984375
0 0.10986328125 0.59130859375 0.0712890625 0.1787109375
0 0.7421875 0.9560546875 0.064453125 0.0859375
0 0.80908203125 0.0888671875 0.0810546875 0.15234375
0 0.7841796875 0.17578125 0.083984375 0.087890625
0 0.12060546875 0.802734375 0.1083984375 0.08203125
0 0.9130859375 0.94970703125 0.072265625 0.0986328125
0 0.83349609375 0.88916015625 0.0693359375 0.1552734375
0 0.64697265625 0.88037109375 0.0751953125 0.2373046875
0 0.865234375 0.25244140625 0.111328125 0.1201171875
0 0.771484375 0.478515625 0.27734375 0.16796875
0 0.9140625 0.6181640625 0.12890625 0.123046875
0 0.94189453125 0.51708984375 0.1142578125 0.0927734375
0 0.46484375 0.373046875 0.09375 0.115234375
0 0.8251953125 0.7890625 0.1484375 0.08203125
0 0.93896484375 0.39013671875 0.0615234375 0.0537109375
0 0.4814453125 0.46240234375 0.103515625 0.0888671875
0 0.24609375 0.37548828125 0.22265625 0.1533203125
0 0.74853515625 0.412109375 0.0966796875 0.064453125
0 0.1416015625 0.91259765625 0.251953125 0.1689453125
0 0.71923828125 0.85205078125 0.0908203125 0.1044921875
0 0.4873046875 0.109375 0.126953125 0.125
0 0.1005859375 0.2138671875 0.0859375 0.06640625
0 0.88671875 0.36474609375 0.11328125 0.0751953125
0 0.3916015625 0.05810546875 0.10546875 0.1162109375
0 0.90625 0.05859375 0.078125 0.111328125
0 0.61376953125 0.22998046875 0.0947265625 0.1103515625
