0 0.96337890625 0.8251953125 0.0732421875 0.072265625
0 0.927734375 0.64111328125 0.087890625 0.0986328125
0 0.5146484375 0.869140625 0.140625 0.1015625
0 0.87451171875 0.54638671875 0.1376953125 0.0712890625
0 0.1298828125 0.57861328125 0.07421875 0.1005859375
0 0.029296875 0.53173828125 0.05859375 0.0751953125
0 0.2099609375 0.0712890625 0.15625 0.09375
0 0.626953125 0.64599609375 0.154296875 0.0908203125
0 0.0302734375 0.29443359375 0.060546875 0.0927734375
0 0.80029296875 0.67724609375 0.1533203125 0.1005859375
0 0.74755859375 0.52294921875 0.1572265625 0.0908203125
0 0.7626953125 0.9619140625 0.115234375 0.07421875
0 0.177734375 0.4814453125 0.140625 0.123046875
0 0.89404296875 0.1982421875 0.0869140625 0.15234375
0 0.97119140625 0.03759765625 0.0556640625 0.0751953125
0 0.10302734375 0.39111328125 0.1025390625 0.0966796875
0 0.07275390625 0.88623046875 0.0732421875 0.1650390625
0 0.6689453125 0.16943359375 0.216796875 0.1357421875
0 0.5712890625 0.96435546875 0.05859375 0.0595703125
0 0.095703125 0.9248046875 0.15625 0.109375
0 0.3017578125 0.45068359375 0.095703125 0.0712890625
0 0.55908203125 0.1357421875 0.0771484375 0.158203125
0 0.9560546875 0.7626953125 0.0859375 0.078125
0 0.57958984375 0.2275390625 0.0732421875 0.138671875
