0 0.5205078125 0.4189453125 0.078125 0.0859375
0 0.052734375 0.712890625 0.095703125 0.087890625
0 0.32275390625 0.25390625 0.0830078125 0.0703125
0 0.20166015625 0.28173828125 0.1298828125 0.0927734375
0 0.17529296875 0.3935546875 0.1435546875 0.08203125
0 0.71337890625 0.0966796875 0.0595703125 0.06640625
0 0.4267578125 0.81689453125 0.09765625 0.1357421875
0 0.572265625 0.84521484375 0.076171875 0.1005859375
0 0.529296875 0.275390625 0.083984375 0.07421875
0 0.83935546875 0.31005859375 0.0830078125 0.0869140625
0 0.93505859375 0.2822265625 0.0830078125 0.1328125
0 0.83349609375 0.1904296875 0.0693359375 0.076171875
0 0.62548828125 0.2294921875 0.0751953125 0.08984375
0 0.66845703125 0.8271484375 0.0947265625 0.125
0 0.35693359375 0.0849609375 0.0810546875 0.05859375
0 0.6611328125 0.9541015625 0.0625 0.0859375
0 0.75146484375 0.923828125 0.0888671875 0.1015625
0 0.0927734375 0.64453125 0.115234375 0.068359375
0 0.05712890625 0.12744140625 0.0771484375 0.1279296875
0 0.775390625 0.75830078125 0.064453125 0.1044921875
0 0.55126953125 0.9208984375 0.0712890625 0.11328125
0 0.39404296875 0.15234375 0.0673828125 0.068359375
0 0.33203125 0.3271484375 0.087890625 0.06640625
0 0.69287109375 0.58203125 0.0380859375 0.05078125
0 0.87255859375 0.62548828125 0.0849609375 0.1376953125
0 0.10302734375 0.0263671875 0.0830078125 0.052734375
0 0.42919921875 0.49755859375 0.0732421875 0.0634765625
0 0.69384765625 0.78173828125 0.0771484375 0.1162109375
0 0.1865234375 0.4521484375 0.087890625 0.103515625
0 0.2314453125 0.8642578125 0.0625 0.11328125
0 0.9208984375 0.892578125 0.06640625 0.103515625
0 0.1240234375 0.1337890625 0.07421875 0.099609375
0 0.49072265625 0.11279296875 0.0869140625 0.0869140625
0 0.3681640625 0.85986328125 0.087890625 0.1103515625
0 0.88037109375 0.015625 0.0712890625 0.03125
0 0.4228515625 0.87451171875 0.064453125 0.0771484375
