0 0.4228515625 0.07666015625 0.060546875 0.0771484375
0 0.29541015625 0.8232421875 0.0830078125 0.125
0 0.259765625 0.58984375 0.111328125 0.10546875
0 0.67431640625 0.44384765625 0.1103515625 0.1591796875
0 0.97119140625 0.939453125 0.0556640625 0.103515625
0 0.89892578125 0.9404296875 0.0869140625 0.1171875
0 0.5224609375 0.4267578125 0.140625 0.078125
0 0.94970703125 0.0673828125 0.0927734375 0.134765625
0 0.560546875 0.150390625 0.1328125 0.083984375
0 0.76806640625 0.451171875 0.0869140625 0.037109375
0 0.5947265625 0.43212890625 0.140625 0.0712890625
0 0.37109375 0.08935546875 0.095703125 0.1005859375
0 0.13134765625 0.1474609375 0.0791015625 0.1015625
0 0.86181640625 0.77490234375 0.1025390625 0.0966796875
0 0.3876953125 0.8173828125 0.0625 0.0625
0 0.701171875 0.29150390625 0.16796875 0.1259765625
0 0.2568359375 0.12548828125 0.146484375 0.1357421875
0 0.3408203125 0.46826171875 0.17578125 0.1025390625
0 0.83203125 0.51025390625 0.1015625 0.1669921875
0 0.46875 0.02001953125 0.1015625 0.0400390625
0 0.962890625 0.40771484375 0.072265625 0.0888671875
0 0.61865234375 0.1904296875 0.0712890625 0.162109375
0 0.96533203125 0.56005859375 0.0673828125 0.2001953125
0 0.1220703125 0.02294921875 0.0625 0.0458984375
0 0.1201171875 0.9052734375 0.068359375 0.115234375
0 0.35205078125 0.9306640625 0.1357421875 0.138671875
0 0.3564453125 0.0224609375 0.103515625 0.044921875
0 0.416015625 0.2783203125 0.1171875 0.095703125
0 0.76806640625 0.1171875 0.1005859375 0.078125
0 0.140625 0.576171875 0.07421875 0.046875
0 0.1494140625 0.271484375 0.123046875 0.1953125
0 0.490234375 0.96337890625 0.095703125 0.0595703125
0 0.03955078125 0.05810546875 0.0537109375 0.0556640625
0 0.837890625 0.56201171875 0.119140625 0.1201171875
0 0.921875 0.2353515625 0.078125 0.15234375
0 0.46923828125 0.14990234375 0.0810546875 0.1513671875
0 0.93896484375 0.16552734375 0.1044921875 0.0576171875
0 0.283203125 0.3447265625 0.123046875 0.169921875
0 0.4931640625 0.23291015625 0.099609375 0.0712890625
0 0.51025390625 0.8359375 0.1435546875 0.13671875
0 0.2734375 0.60302734375 0.068359375 0.0693359375
