0 0.95703125 0.2529296875 0.083984375 0.103515625
0 0.826171875 0.7216796875 0.099609375 0.126953125
0 0.240234375 0.62841796875 0.095703125 0.1103515625
0 0.43212890625 0.19677734375 0.0830078125 0.1845703125
0 0.28369140625 0.53955078125 0.0810546875 0.0673828125
0 0.56982421875 0.96826171875 0.0986328125 0.0634765625
0 0.86279296875 0.29833984375 0.1318359375 0.0791015625
0 0.10302734375 0.943359375 0.2060546875 0.111328125
0 0.7373046875 0.08251953125 0.111328125 0.1513671875
0 0.2451171875 0.099609375 0.076171875 0.126953125
0 0.6298828125 0.25537109375 0.138671875 0.1669921875
0 0.83837890625 0.11328125 0.1650390625 0.087890625
0 0.26611328125 0.896484375 0.1728515625 0.14453125
0 0.447265625 0.49658203125 0.08203125 0.0849609375
0 0.267578125 0.1552734375 0.140625 0.162109375
0 0.978515625 0.5888671875 0.0390625 0.1015625
0 0.30078125 0.7490234375 0.13671875 0.103515625
0 0.70166015625 0.857421875 0.0830078125 0.11328125
0 0.57275390625 0.08740234375 0.1513671875 0.1689453125
0 0.87060546875 0.41552734375 0.1220703125 0.1025390625
0 0.0185546875 0.6650390625 0.037109375 0.06640625
0 0.126953125 0.5400390625 0.11328125 0.0859375
