0 0.35400390625 0.69189453125 0.1025390625 0.0791015625
0 0.72021484375 0.0634765625 0.0478515625 0.05078125
0 0.509765625 0.470703125 0.125 0.083984375
0 0.060546875 0.06396484375 0.068359375 0.0771484375
0 0.05810546875 0.32373046875 0.1025390625 0.0615234375
0 0.68798828125 0.14794921875 0.0673828125 0.1298828125
0 0.3291015625 0.15087890625 0.09375 0.1533203125
0 0.48095703125 0.58349609375 0.0810546875 0.0654296875
0 0.6884765625 0.50830078125 0.08203125 0.0498046875
0 0.24365234375 0.5166015625 0.1044921875 0.08203125
0 0.1220703125 0.4609375 0.068359375 0.05078125
0 0.6943359375 0.30810546875 0.087890625 0.1103515625
0 0.30517578125 0.4765625 0.0654296875 0.111328125
0 0.76318359375 0.9599609375 0.0869140625 0.0625
0 0.8037109375 0.88623046875 0.111328125 0.0830078125
0 0.42041015625 0.57958984375 0.0830078125 0.0849609375
0 0.65576171875 0.3486328125 0.0615234375 0.07421875
0 0.8974609375 0.94921875 0.1015625 0.07421875
0 0.408203125 0.431640625 0.08203125 0.09375
0 0.8759765625 0.2626953125 0.138671875 0.119140625
0 0.10986328125 0.40673828125 0.0712890625 0.0478515625
0 0.20458984375 0.037109375 0.0634765625 0.07421875
0 0.09423828125 0.11669921875 0.0654296875 0.0537109375
0 0.1181640625 0.1728515625 0.083984375 0.056640625
0 0.203125 0.8291015625 0.072265625 0.06640625
