0 0.34716796875 0.67431640625 0.0908203125 0.1005859375
0 0.90478515625 0.51708984375 0.1884765625 0.1455078125
0 0.25732421875 0.17822265625 0.0732421875 0.0771484375
0 0.31884765625 0.96875 0.0634765625 0.0546875
0 0.0263671875 0.880859375 0.052734375 0.12890625
0 0.24853515625 0.06396484375 0.1123046875 0.1279296875
0 0.9462890625 0.966796875 0.078125 0.0625
0 0.365234375 0.0625 0.107421875 0.125
0 0.1904296875 0.47119140625 0.09765625 0.0830078125
0 0.87548828125 0.43896484375 0.0791015625 0.1416015625
0 0.66455078125 0.298828125 0.1240234375 0.11328125
0 0.5205078125 0.21923828125 0.09765625 0.1201171875
0 0.89794921875 0.1826171875 0.0849609375 0.0859375
0 0.75634765625 0.396484375 0.0986328125 0.09765625
0 0.86181640625 0.8173828125 0.0732421875 0.064453125
0 0.15234375 0.259765625 0.109375 0.15234375
0 0.5009765625 0.8984375 0.07421875 0.201171875
0 0.31396484375 0.86376953125 0.1142578125 0.1005859375
0 0.39306640625 0.90673828125 0.0869140625 0.0888671875
0 0.32470703125 0.244140625 0.0849609375 0.109375
0 0.298828125 0.404296875 0.125 0.126953125
0 0.22119140625 0.8076171875 0.2099609375 0.076171875
0 0.31201171875 0.3037109375 0.1240234375 0.109375
0 0.03662109375 0.5947265625 0.0732421875 0.18359375
0 0.90966796875 0.087890625 0.1103515625 0.083984375
0 0.41064453125 0.97216796875 0.1123046875 0.0556640625
0 0.302734375 0.74169921875 0.154296875 0.0634765625
0 0.849609375 0.0517578125 0.076171875 0.0625
0 0.765625 0.28662109375 0.044921875 0.0458984375
0 0.56103515625 0.86474609375 0.0869140625 0.1318359375
