0 0.19775390625 0.21435546875 0.1044921875 0.1513671875
0 0.6494140625 0.65673828125 0.14453125 0.0869140625
0 0.69189453125 0.05322265625 0.0693359375 0.0791015625
0 0.2900390625 0.23486328125 0.07421875 0.1103515625
0 0.06103515625 0.66943359375 0.1220703125 0.1103515625
0 0.9697265625 0.4326171875 0.05859375 0.0859375
0 0.71484375 0.94091796875 0.150390625 0.0693359375
0 0.42529296875 0.40087890625 0.0908203125 0.0810546875
0 0.43115234375 0.8583984375 0.0771484375 0.12109375
0 0.66748046875 0.69482421875 0.0673828125 0.1025390625
0 0.1767578125 0.88134765625 0.09765625 0.0908203125
0 0.1640625 0.04541015625 0.078125 0.0908203125
0 0.82958984375 0.3759765625 0.1748046875 0.189453125
0 0.75634765625 0.12841796875 0.1142578125 0.0927734375
0 0.87744140625 0.943359375 0.1376953125 0.109375
0 0.05419921875 0.771484375 0.0810546875 0.060546875
0 0.68896484375 0.85009765625 0.1259765625 0.0947265625
0 0.052734375 0.86474609375 0.10546875 0.1025390625
0 0.29296875 0.826171875 0.064453125 0.07421875
0 0.9638671875 0.9228515625 0.072265625 0.103515625
