0 0.0595703125 0.51171875 0.08203125 0.08984375
0 0.525390625 0.7626953125 0.107421875 0.08984375
0 0.56640625 0.2724609375 0.130859375 0.10546875
0 0.1982421875 0.6796875 0.087890625 0.1484375
0 0.50146484375 0.93994140625 0.1162109375 0.0966796875
0 0.57666015625 0.83056640625 0.0927734375 0.1220703125
0 0.0849609375 0.732421875 0.154296875 0.087890625
0 0.31103515625 0.39892578125 0.1650390625 0.0673828125
0 0.30419921875 0.45068359375 0.0732421875 0.0673828125
0 0.1572265625 0.96630859375 0.08984375 0.0654296875
0 0.92578125 0.9755859375 0.095703125 0.046875
0 0.7001953125 0.04052734375 0.064453125 0.0810546875
0 0.77001953125 0.134765625 0.0732421875 0.16015625
0 0.5107421875 0.43505859375 0.099609375 0.0966796875
0 0.33056640625 0.72900390625 0.0673828125 0.0693359375
0 0.8681640625 0.763671875 0.087890625 0.09375
0 0.76611328125 0.91748046875 0.0966796875 0.0771484375
0 0.935546875 0.1123046875 0.095703125 0.1796875
0 0.36865234375 0.97314453125 0.0927734375 0.0517578125
0 0.11474609375 0.9013671875 0.0947265625 0.087890625
0 0.6064453125 0.08935546875 0.150390625 0.1376953125
0 0.01953125 0.77685546875 0.0390625 0.0927734375
