0 0.09228515625 0.6611328125 0.1162109375 0.083984375
0 0.1826171875 0.9111328125 0.087890625 0.123046875
0 0.97021484375 0.8017578125 0.0576171875 0.12109375
0 0.37255859375 0.265625 0.0849609375 0.1015625
0 0.85498046875 0.50341796875 0.1123046875 0.2158203125
0 0.60009765625 0.36572265625 0.1005859375 0.0830078125
0 0.80908203125 0.58935546875 0.0751953125 0.0830078125
0 0.115234375 0.861328125 0.126953125 0.09375
0 0.6640625 0.9638671875 0.111328125 0.0703125
0 0.216796875 0.0791015625 0.130859375 0.158203125
0 0.45458984375 0.93408203125 0.1162109375 0.1103515625
0 0.630859375 0.50048828125 0.0703125 0.0400390625
0 0.04833984375 0.44677734375 0.0966796875 0.1552734375
0 0.65185546875 0.45849609375 0.1357421875 0.0986328125
0 0.9560546875 0.677734375 0.0859375 0.1015625
0 0.044921875 0.94775390625 0.08984375 0.0908203125
0 0.9150390625 0.8095703125 0.12890625 0.072265625
0 0.798828125 0.71337890625 0.091796875 0.0869140625
0 0.759765625 0.048828125 0.09375 0.095703125
0 0.95751953125 0.03564453125 0.0830078125 0.0712890625
0 0.36669921875 0.07275390625 0.1064453125 0.1435546875
0 0.82080078125 0.111328125 0.1103515625 0.1015625
0 0.3857421875 0.61865234375 0.107421875 0.1318359375
0 0.3681640625 0.4521484375 0.150390625 0.13671875
