0 0.83251953125 0.1376953125 0.1884765625 0.169921875
0 0.28369140625 0.5361328125 0.1005859375 0.109375
0 0.33349609375 0.20849609375 0.0595703125 0.0947265625
0 0.70703125 0.7392578125 0.1953125 0.099609375
0 0.40673828125 0.57666015625 0.1708984375 0.0947265625
0 0.66650390625 0.80908203125 0.0654296875 0.1279296875
0 0.28076171875 0.13818359375 0.1025390625 0.1162109375
0 0.2265625 0.634765625 0.119140625 0.1640625
0 0.49169921875 0.90478515625 0.0927734375 0.1904296875
0 0.2626953125 0.26708984375 0.080078125 0.1630859375
0 0.26220703125 0.95166015625 0.1630859375 0.0927734375
0 0.5849609375 0.69189453125 0.09765625 0.1123046875
0 0.81591796875 0.7470703125 0.0888671875 0.154296875
0 0.80859375 0.8994140625 0.123046875 0.201171875
0 0.44287109375 0.80615234375 0.0537109375 0.0751953125
0 0.5537109375 0.95849609375 0.087890625 0.0732421875
0 0.025390625 0.4912109375 0.05078125 0.08984375
0 0.40380859375 0.96923828125 0.0791015625 0.0615234375
0 0.54345703125 0.31396484375 0.0966796875 0.1005859375
0 0.703125 0.89599609375 0.146484375 0.1396484375
0 0.80078125 0.60693359375 0.1171875 0.1552734375
0 0.0625 0.58154296875 0.125 0.1044921875
0 0.63623046875 0.439453125 0.0810546875 0.05859375
0 0.69580078125 0.48046875 0.1025390625 0.234375
0 0.1875 0.06201171875 0.142578125 0.1240234375
0 0.9375 0.55322265625 0.083984375 0.1591796875
0 0.146484375 0.943359375 0.09765625 0.107421875
