0 0.7724609375 0.06591796875 0.087890625 0.1142578125
0 0.24755859375 0.3095703125 0.1826171875 0.138671875
0 0.64892578125 0.38623046875 0.1552734375 0.0771484375
0 0.75439453125 0.54150390625 0.0771484375 0.1044921875
0 0.2197265625 0.68603515625 0.109375 0.0771484375
0 0.80615234375 0.42236328125 0.1123046875 0.1513671875
0 0.20654296875 0.71875 0.0537109375 0.12109375
0 0.9140625 0.6630859375 0.087890625 0.134765625
0 0.724609375 0.36474609375 0.09375 0.1689453125
0 0.7119140625 0.603515625 0.0625 0.060546875
0 0.92041015625 0.94970703125 0.1572265625 0.0986328125
0 0.63720703125 0.0791015625 0.0751953125 0.158203125
0 0.63623046875 0.5048828125 0.0888671875 0.064453125
0 0.32763671875 0.12109375 0.1728515625 0.076171875
0 0.2080078125 0.138671875 0.126953125 0.095703125
0 0.2734375 0.87646484375 0.125 0.0576171875
0 0.44140625 0.8369140625 0.107421875 0.193359375
0 0.40380859375 0.6630859375 0.1064453125 0.08984375
0 0.6787109375 0.0400390625 0.0703125 0.080078125
0 0.76513671875 0.77294921875 0.2099609375 0.0849609375
0 0.10498046875 0.80322265625 0.0849609375 0.0791015625
0 0.255859375 0.916015625 0.07421875 0.109375
0 0.12646484375 0.4404296875 0.1064453125 0.09765625
0 0.43701171875 0.19970703125 0.1240234375 0.1728515625
0 0.27197265625 0.10009765625 0.1123046875 0.0810546875
0 0.86865234375 0.298828125 0.1845703125 0.1484375
