0 0.68896484375 0.65380859375 0.1123046875 0.0556640625
0 0.48583984375 0.12548828125 0.0751953125 0.0849609375
0 0.5380859375 0.49853515625 0.123046875 0.1279296875
0 0.27880859375 0.16796875 0.1513671875 0.064453125
0 0.93359375 0.22998046875 0.130859375 0.0908203125
0 0.5517578125 0.73974609375 0.072265625 0.0966796875
0 0.44580078125 0.892578125 0.0380859375 0.06640625
0 0.63818359375 0.03955078125 0.0888671875 0.0771484375
0 0.39453125 0.62939453125 0.076171875 0.1552734375
0 0.6787109375 0.36767578125 0.060546875 0.0537109375
0 0.1044921875 0.51904296875 0.1015625 0.1083984375
0 0.27197265625 0.2666015625 0.0712890625 0.083984375
0 0.21533203125 0.04296875 0.1513671875 0.0859375
0 0.43603515625 0.80517578125 0.1083984375 0.1083984375
0 0.236328125 0.658203125 0.103515625 0.107421875
0 0.19482421875 0.1162109375 0.0693359375 0.087890625
0 0.890625 0.0654296875 0.076171875 0.091796875
0 0.9560546875 0.55908203125 0.083984375 0.0791015625
0 0.130859375 0.9697265625 0.09765625 0.0546875
0 0.447265625 0.3125 0.099609375 0.095703125
0 0.31689453125 0.46533203125 0.1220703125 0.0751953125
0 0.02392578125 0.49853515625 0.0478515625 0.1201171875
0 0.4130859375 0.3916015625 0.119140625 0.126953125
0 0.13330078125 0.6162109375 0.0712890625 0.0625
0 0.29443359375 0.38671875 0.1142578125 0.083984375
0 0.30029296875 0.5126953125 0.1162109375 0.060546875
0 0.3291015625 0.0712890625 0.1953125 0.091796875
0 0.85205078125 0.29638671875 0.0947265625 0.0908203125
0 0.95166015625 0.3046875 0.0947265625 0.083984375
0 0.9150390625 0.9189453125 0.142578125 0.1015625
