0 0.95263671875 0.91650390625 0.0927734375 0.1416015625
0 0.10302734375 0.91015625 0.1162109375 0.080078125
0 0.6103515625 0.57958984375 0.134765625 0.0634765625
0 0.353515625 0.83544921875 0.109375 0.1865234375
0 0.931640625 0.70703125 0.099609375 0.166015625
0 0.84619140625 0.876953125 0.1103515625 0.185546875
0 0.2841796875 0.134765625 0.12109375 0.201171875
0 0.40966796875 0.50048828125 0.0869140625 0.1357421875
0 0.3212890625 0.96923828125 0.1015625 0.0576171875
0 0.72607421875 0.5634765625 0.2373046875 0.11328125
0 0.84326171875 0.30908203125 0.1220703125 0.0966796875
0 0.35791015625 0.5810546875 0.0947265625 0.0859375
0 0.2255859375 0.34326171875 0.1484375 0.1123046875
0 0.439453125 0.6640625 0.1328125 0.12890625
0 0.10888671875 0.39111328125 0.1279296875 0.1318359375
0 0.78662109375 0.28369140625 0.1201171875 0.1474609375
0 0.3203125 0.43017578125 0.095703125 0.1025390625
0 0.56396484375 0.43359375 0.0966796875 0.08984375
0 0.16259765625 0.044921875 0.1357421875 0.087890625
