0 0.72119140625 0.46533203125 0.0673828125 0.0849609375
0 0.60546875 0.57861328125 0.046875 0.0498046875
0 0.2744140625 0.4765625 0.08203125 0.09375
0 0.53271484375 0.23388671875 0.1005859375 0.0732421875
0 0.95947265625 0.32568359375 0.0654296875 0.0576171875
0 0.67431640625 0.8173828125 0.0830078125 0.08984375
0 0.31689453125 0.0869140625 0.0791015625 0.072265625
0 0.466796875 0.380859375 0.08984375 0.08984375
0 0.79833984375 0.73974609375 0.1806640625 0.2119140625
0 0.4951171875 0.03125 0.09375 0.060546875
0 0.41162109375 0.8056640625 0.0673828125 0.12890625
0 0.8212890625 0.9345703125 0.123046875 0.091796875
0 0.32470703125 0.56494140625 0.0576171875 0.0517578125
0 0.37255859375 0.521484375 0.1298828125 0.083984375
0 0.31591796875 0.70751953125 0.0615234375 0.0771484375
0 0.0322265625 0.42138671875 0.064453125 0.0849609375
0 0.5283203125 0.19091796875 0.0703125 0.0771484375
0 0.7822265625 0.4482421875 0.076171875 0.07421875
0 0.41748046875 0.45263671875 0.0791015625 0.0595703125
0 0.19921875 0.5546875 0.099609375 0.08203125
0 0.96240234375 0.77099609375 0.0732421875 0.1064453125
0 0.3291015625 0.18310546875 0.09765625 0.0927734375
0 0.75927734375 0.037109375 0.0947265625 0.072265625
0 0.841796875 0.578125 0.134765625 0.140625
0 0.052734375 0.0966796875 0.10546875 0.099609375
0 0.71923828125 0.87890625 0.0791015625 0.05859375
0 0.595703125 0.734375 0.0625 0.0703125
0 0.9365234375 0.041015625 0.107421875 0.076171875
0 0.45458984375 0.65234375 0.1083984375 0.134765625
0 0.2314453125 0.37060546875 0.091796875 0.0927734375
0 0.15673828125 0.8310546875 0.0986328125 0.05859375
0 0.5419921875 0.49755859375 0.060546875 0.0654296875
0 0.6455078125 0.43017578125 0.07421875 0.0751953125
0 0.34130859375 0.345703125 0.0947265625 0.080078125
0 0.96337890625 0.9111328125 0.0498046875 0.091796875
0 0.70654296875 0.5546875 0.1220703125 0.115234375
