0 0.3544921875 0.5419921875 0.171875 0.119140625
0 0.462890625 0.45751953125 0.08203125 0.1025390625
0 0.5224609375 0.82568359375 0.103515625 0.1884765625
0 0.03271484375 0.54248046875 0.0654296875 0.1494140625
0 0.62646484375 0.6669921875 0.1435546875 0.08984375
0 0.41943359375 0.9306640625 0.0810546875 0.13671875
0 0.67138671875 0.9052734375 0.1220703125 0.0859375
0 0.85205078125 0.052734375 0.1357421875 0.103515625
0 0.11572265625 0.86279296875 0.0908203125 0.0927734375
0 0.7451171875 0.23779296875 0.076171875 0.0810546875
0 0.9326171875 0.11962890625 0.11328125 0.1337890625
0 0.14892578125 0.03515625 0.1083984375 0.068359375
0 0.76904296875 0.18701171875 0.1201171875 0.1162109375
0 0.2705078125 0.591796875 0.07421875 0.146484375
0 0.04833984375 0.337890625 0.0966796875 0.1015625
0 0.48779296875 0.28271484375 0.1025390625 0.0634765625
0 0.6083984375 0.3310546875 0.091796875 0.099609375
0 0.6708984375 0.04833984375 0.158203125 0.0966796875
0 0.49267578125 0.95751953125 0.1064453125 0.0810546875
0 0.5712890625 0.1650390625 0.095703125 0.162109375
0 0.67578125 0.7900390625 0.09765625 0.142578125
0 0.1142578125 0.5078125 0.0703125 0.14453125
0 0.54443359375 0.3447265625 0.0810546875 0.1171875
0 0.48388671875 0.2412109375 0.0966796875 0.1171875
0 0.078125 0.17626953125 0.076171875 0.0810546875
0 0.80517578125 0.9580078125 0.1220703125 0.08203125
0 0.38916015625 0.88623046875 0.0673828125 0.0693359375
0 0.21044921875 0.14794921875 0.1708984375 0.1162109375
0 0.169921875 0.919921875 0.1171875 0.083984375
0 0.4384765625 0.70703125 0.0625 0.140625
0 0.26220703125 0.48193359375 0.0927734375 0.1611328125
