0 0.54541015625 0.806640625 0.0810546875 0.138671875
0 0.9599609375 0.32958984375 0.078125 0.0771484375
0 0.04052734375 0.95654296875 0.0791015625 0.0869140625
0 0.26171875 0.64501953125 0.1484375 0.0869140625
0 0.49560546875 0.20654296875 0.0751953125 0.1455078125
0 0.0634765625 0.16552734375 0.087890625 0.0908203125
0 0.42138671875 0.62646484375 0.0908203125 0.0810546875
0 0.61083984375 0.4892578125 0.1181640625 0.083984375
0 0.78955078125 0.79296875 0.0830078125 0.140625
0 0.2314453125 0.52294921875 0.15234375 0.1318359375
0 0.5126953125 0.0283203125 0.080078125 0.056640625
0 0.53271484375 0.9775390625 0.1005859375 0.044921875
0 0.2939453125 0.93359375 0.08203125 0.130859375
0 0.87158203125 0.359375 0.0654296875 0.095703125
0 0.90283203125 0.05419921875 0.0830078125 0.1044921875
0 0.63818359375 0.1455078125 0.1162109375 0.083984375
0 0.2841796875 0.44189453125 0.154296875 0.1025390625
0 0.826171875 0.0205078125 0.07421875 0.041015625
0 0.076171875 0.0810546875 0.1171875 0.083984375
0 0.876953125 0.9638671875 0.119140625 0.072265625
0 0.29345703125 0.203125 0.0810546875 0.126953125
0 0.73388671875 0.83056640625 0.0810546875 0.0966796875
0 0.8173828125 0.75390625 0.087890625 0.125
0 0.08544921875 0.37158203125 0.0771484375 0.1220703125
0 0.708984375 0.04541015625 0.072265625 0.0693359375
0 0.6982421875 0.234375 0.083984375 0.107421875
0 0.66796875 0.330078125 0.0859375 0.123046875
0 0.88134765625 0.1396484375 0.0927734375 0.09765625
0 0.00927734375 0.572265625 0.0185546875 0.095703125
0 0.5693359375 0.119140625 0.09375 0.0859375
