0 0.0771484375 0.92626953125 0.099609375 0.1357421875
0 0.49365234375 0.740234375 0.0771484375 0.126953125
0 0.79052734375 0.09130859375 0.1005859375 0.1337890625
0 0.859375 0.1279296875 0.0703125 0.10546875
0 0.865234375 0.65673828125 0.072265625 0.0888671875
0 0.95068359375 0.47119140625 0.0966796875 0.1904296875
0 0.41064453125 0.9423828125 0.0673828125 0.09765625
0 0.38671875 0.482421875 0.091796875 0.142578125
0 0.498046875 0.4326171875 0.10546875 0.1484375
0 0.33837890625 0.92138671875 0.1318359375 0.1474609375
0 0.95361328125 0.69091796875 0.0908203125 0.1240234375
0 0.578125 0.3818359375 0.125 0.216796875
0 0.04736328125 0.8515625 0.0908203125 0.16796875
0 0.80078125 0.6787109375 0.091796875 0.111328125
0 0.119140625 0.69580078125 0.078125 0.1318359375
0 0.955078125 0.91748046875 0.087890625 0.1611328125
0 0.20361328125 0.90283203125 0.1025390625 0.1923828125
0 0.947265625 0.7890625 0.103515625 0.15234375
0 0.67431640625 0.921875 0.0986328125 0.15234375
0 0.86181640625 0.4658203125 0.1005859375 0.11328125
0 0.2802734375 0.23779296875 0.12109375 0.1181640625
0 0.78662109375 0.58203125 0.1748046875 0.1171875
0 0.609375 0.75927734375 0.08984375 0.0673828125
0 0.0537109375 0.30029296875 0.10546875 0.0908203125
0 0.45654296875 0.873046875 0.1630859375 0.10546875
0 0.6357421875 0.0703125 0.091796875 0.078125
0 0.19091796875 0.0576171875 0.1748046875 0.111328125
