0 0.9453125 0.81591796875 0.06640625 0.0673828125
0 0.68701171875 0.85888671875 0.0712890625 0.0732421875
0 0.48779296875 0.26708984375 0.1103515625 0.1240234375
0 0.85009765625 0.8193359375 0.0927734375 0.07421875
0 0.2978515625 0.50390625 0.08203125 0.087890625
0 0.1787109375 0.80712890625 0.09765625 0.1318359375
0 0.97509765625 0.7021484375 0.0478515625 0.095703125
0 0.72119140625 0.48779296875 0.1064453125 0.0791015625
0 0.466796875 0.80224609375 0.107421875 0.1416015625
0 0.64501953125 0.92041015625 0.0751953125 0.0947265625
0 0.75439453125 0.95068359375 0.0556640625 0.0888671875
0 0.61181640625 0.26904296875 0.0830078125 0.1083984375
0 0.51318359375 0.90673828125 0.1455078125 0.1201171875
0 0.08544921875 0.88525390625 0.1103515625 0.1669921875
0 0.83349609375 0.90966796875 0.0458984375 0.0673828125
0 0.53466796875 0.4814453125 0.0888671875 0.099609375
0 0.033203125 0.1162109375 0.06640625 0.0859375
0 0.34375 0.9599609375 0.13671875 0.076171875
0 0.1767578125 0.8955078125 0.060546875 0.072265625
0 0.736328125 0.91748046875 0.0703125 0.0888671875
0 0.8642578125 0.677734375 0.142578125 0.14453125
0 0.33544921875 0.82568359375 0.0712890625 0.0947265625
0 0.2978515625 0.65234375 0.12109375 0.17578125
0 0.791015625 0.208984375 0.125 0.10546875
0 0.5751953125 0.21533203125 0.0625 0.1298828125
0 0.45703125 0.9755859375 0.078125 0.046875
0 0.08447265625 0.30029296875 0.0751953125 0.0712890625
