0 0.39404296875 0.64892578125 0.0966796875 0.0615234375
0 0.560546875 0.4833984375 0.056640625 0.060546875
0 0.45556640625 0.93115234375 0.0732421875 0.1201171875
0 0.63134765625 0.65673828125 0.1650390625 0.1005859375
0 0.263671875 0.4365234375 0.140625 0.06640625
0 0.0283203125 0.8408203125 0.056640625 0.0703125
0 0.65087890625 0.0888671875 0.0986328125 0.060546875
0 0.85986328125 0.5068359375 0.0908203125 0.0703125
0 0.052734375 0.02392578125 0.10546875 0.0458984375
0 0.4931640625 0.4013671875 0.12109375 0.06640625
0 0.2119140625 0.3564453125 0.0859375 0.109375
0 0.6708984375 0.85546875 0.0859375 0.068359375
0 0.17822265625 0.27978515625 0.0927734375 0.0693359375
0 0.25048828125 0.83056640625 0.0751953125 0.1044921875
0 0.76611328125 0.5498046875 0.0986328125 0.095703125
0 0.68896484375 0.39501953125 0.0947265625 0.0888671875
0 0.208984375 0.70361328125 0.12109375 0.1220703125
0 0.7822265625 0.94091796875 0.078125 0.1123046875
0 0.6015625 0.0517578125 0.10546875 0.076171875
0 0.8212890625 0.13232421875 0.072265625 0.0615234375
0 0.09912109375 0.7236328125 0.1044921875 0.099609375
0 0.12255859375 0.84375 0.1201171875 0.1015625
0 0.150390625 0.47021484375 0.166015625 0.0810546875
0 0.22412109375 0.5224609375 0.0673828125 0.044921875
0 0.57421875 0.9482421875 0.044921875 0.068359375
0 0.109375 0.94091796875 0.078125 0.0615234375
0 0.91650390625 0.0791015625 0.1123046875 0.07421875
0 0.46875 0.57861328125 0.115234375 0.1044921875
0 0.083984375 0.63134765625 0.06640625 0.0615234375
0 0.02783203125 0.5986328125 0.0556640625 0.146484375
0 0.2685546875 0.07177734375 0.1015625 0.1435546875
0 0.86572265625 0.94091796875 0.0771484375 0.0830078125
0 0.35498046875 0.12744140625 0.0908203125 0.1162109375
0 0.94091796875 0.67578125 0.0791015625 0.076171875
0 0.060546875 0.1591796875 0.1171875 0.08203125
