0 0.6455078125 0.224609375 0.05859375 0.11328125
0 0.67724609375 0.44921875 0.1044921875 0.1171875
0 0.2958984375 0.79296875 0.0546875 0.087890625
0 0.87158203125 0.61279296875 0.0966796875 0.0751953125
0 0.279296875 0.95458984375 0.07421875 0.0654296875
0 0.9287109375 0.65771484375 0.09765625 0.1005859375
0 0.94580078125 0.8388671875 0.0830078125 0.109375
0 0.1279296875 0.73583984375 0.095703125 0.0791015625
0 0.36669921875 0.16162109375 0.1279296875 0.1083984375
0 0.88427734375 0.8564453125 0.0556640625 0.140625
0 0.7783203125 0.22802734375 0.123046875 0.1064453125
0 0.52001953125 0.3056640625 0.1123046875 0.1796875
0 0.9765625 0.7724609375 0.044921875 0.09765625
0 0.69140625 0.14794921875 0.087890625 0.0947265625
0 0.81689453125 0.7939453125 0.0908203125 0.109375
0 0.4052734375 0.748046875 0.07421875 0.08984375
0 0.4091796875 0.4287109375 0.08203125 0.095703125
0 0.18017578125 0.6103515625 0.1572265625 0.16015625
0 0.41552734375 0.2841796875 0.0869140625 0.0546875
0 0.28076171875 0.2353515625 0.0888671875 0.083984375
0 0.9716796875 0.2470703125 0.056640625 0.064453125
0 0.72412109375 0.9755859375 0.1025390625 0.046875
0 0.9443359375 0.48876953125 0.109375 0.0908203125
0 0.36767578125 0.86279296875 0.1044921875 0.0986328125
0 0.3408203125 0.298828125 0.12109375 0.16015625
0 0.54931640625 0.14599609375 0.1259765625 0.1533203125
0 0.70361328125 0.40771484375 0.0595703125 0.0732421875
0 0.51611328125 0.6943359375 0.0751953125 0.12109375
0 0.44091796875 0.48193359375 0.1357421875 0.0830078125
0 0.6259765625 0.04541015625 0.103515625 0.0908203125
0 0.96484375 0.09228515625 0.06640625 0.1298828125
0 0.427734375 0.62841796875 0.107421875 0.0791015625
0 0.51806640625 0.95166015625 0.0751953125 0.0947265625
0 0.4912109375 0.82958984375 0.083984375 0.0869140625
