0 0.2451171875 0.82666015625 0.1015625 0.0966796875
0 0.740234375 0.564453125 0.09375 0.0859375
0 0.04345703125 0.32568359375 0.0869140625 0.1240234375
0 0.8515625 0.34716796875 0.1328125 0.1025390625
0 0.68994140625 0.62939453125 0.1044921875 0.0888671875
0 0.18505859375 0.43212890625 0.1298828125 0.1435546875
0 0.36328125 0.68359375 0.12109375 0.140625
0 0.6181640625 0.42236328125 0.09765625 0.1201171875
0 0.95361328125 0.4208984375 0.0908203125 0.109375
0 0.07470703125 0.86279296875 0.0986328125 0.0869140625
0 0.169921875 0.29296875 0.078125 0.08984375
0 0.02490234375 0.6669921875 0.0498046875 0.119140625
0 0.71044921875 0.1923828125 0.1162109375 0.0859375
0 0.400390625 0.04931640625 0.21875 0.0927734375
0 0.541015625 0.6103515625 0.173828125 0.048828125
0 0.1484375 0.94287109375 0.0859375 0.0712890625
0 0.88916015625 0.4150390625 0.0849609375 0.099609375
0 0.6142578125 0.3583984375 0.115234375 0.091796875
0 0.85009765625 0.04296875 0.1123046875 0.083984375
0 0.015625 0.162109375 0.03125 0.134765625
0 0.74755859375 0.6484375 0.0849609375 0.07421875
