0 0.49267578125 0.87060546875 0.1728515625 0.1181640625
0 0.134765625 0.1533203125 0.087890625 0.07421875
0 0.6689453125 0.90234375 0.11328125 0.095703125
0 0.544921875 0.53076171875 0.109375 0.1005859375
0 0.03271484375 0.58740234375 0.0654296875 0.1044921875
0 0.47412109375 0.95361328125 0.0927734375 0.0908203125
0 0.04248046875 0.77587890625 0.0849609375 0.0615234375
0 0.3115234375 0.38720703125 0.109375 0.0927734375
0 0.50244140625 0.638671875 0.1162109375 0.072265625
0 0.95458984375 0.44921875 0.0615234375 0.080078125
0 0.5244140625 0.169921875 0.09765625 0.12109375
0 0.17822265625 0.3447265625 0.1650390625 0.072265625
0 0.01806640625 0.17041015625 0.0361328125 0.1201171875
0 0.10986328125 0.255859375 0.1181640625 0.078125
0 0.55078125 0.40771484375 0.09765625 0.0830078125
0 0.5849609375 0.67626953125 0.095703125 0.0673828125
0 0.427734375 0.02294921875 0.087890625 0.0439453125
0 0.734375 0.39794921875 0.138671875 0.0810546875
0 0.85888671875 0.1064453125 0.1123046875 0.099609375
0 0.052734375 0.8603515625 0.10546875 0.1484375
0 0.7548828125 0.9580078125 0.099609375 0.08203125
0 0.423828125 0.69189453125 0.1171875 0.1025390625
0 0.029296875 0.41650390625 0.05859375 0.1181640625
0 0.9111328125 0.31005859375 0.099609375 0.0849609375
0 0.36474609375 0.140625 0.1025390625 0.15625
0 0.08056640625 0.1328125 0.0712890625 0.060546875
