0 0.6767578125 0.33251953125 0.103515625 0.1181640625
0 0.76416015625 0.380859375 0.0634765625 0.146484375
0 0.94140625 0.76708984375 0.115234375 0.0888671875
0 0.8701171875 0.2919921875 0.134765625 0.1328125
0 0.83984375 0.97998046875 0.076171875 0.0400390625
0 0.03076171875 0.42626953125 0.0615234375 0.0615234375
0 0.412109375 0.59130859375 0.07421875 0.0771484375
0 0.72509765625 0.970703125 0.1005859375 0.05859375
0 0.9580078125 0.60693359375 0.08203125 0.1337890625
0 0.27197265625 0.48828125 0.1298828125 0.08203125
0 0.05224609375 0.484375 0.1044921875 0.125
0 0.9326171875 0.6611328125 0.091796875 0.0859375
0 0.3544921875 0.90380859375 0.087890625 0.0947265625
0 0.03466796875 0.1455078125 0.0693359375 0.07421875
0 0.35302734375 0.51611328125 0.0888671875 0.0849609375
0 0.1455078125 0.234375 0.150390625 0.123046875
0 0.05126953125 0.08154296875 0.1025390625 0.0869140625
0 0.26220703125 0.3369140625 0.0927734375 0.111328125
0 0.50439453125 0.42578125 0.0771484375 0.138671875
0 0.1298828125 0.3369140625 0.16015625 0.091796875
0 0.8837890625 0.58154296875 0.095703125 0.1650390625
0 0.2939453125 0.18505859375 0.0859375 0.0927734375
0 0.20361328125 0.0517578125 0.1767578125 0.083984375
0 0.94970703125 0.88623046875 0.0986328125 0.1181640625
0 0.15185546875 0.970703125 0.0791015625 0.05859375
0 0.8359375 0.2060546875 0.05859375 0.10546875
0 0.6181640625 0.3837890625 0.091796875 0.111328125
0 0.9365234375 0.251953125 0.0859375 0.099609375
