0 0.03369140625 0.4287109375 0.0673828125 0.0859375
0 0.26416015625 0.78564453125 0.0791015625 0.0751953125
0 0.7578125 0.8427734375 0.1171875 0.10546875
0 0.58251953125 0.4619140625 0.0771484375 0.099609375
0 0.5048828125 0.107421875 0.1328125 0.083984375
0 0.9736328125 0.0400390625 0.05078125 0.080078125
0 0.7724609375 0.681640625 0.1484375 0.08984375
0 0.70263671875 0.97119140625 0.0654296875 0.0517578125
0 0.5703125 0.658203125 0.064453125 0.060546875
0 0.626953125 0.55908203125 0.08984375 0.0810546875
0 0.39208984375 0.44677734375 0.1650390625 0.0966796875
0 0.634765625 0.09619140625 0.10546875 0.1923828125
0 0.294921875 0.935546875 0.087890625 0.107421875
0 0.81884765625 0.275390625 0.2607421875 0.12109375
0 0.4814453125 0.46484375 0.107421875 0.146484375
0 0.39990234375 0.1142578125 0.1318359375 0.185546875
0 0.7822265625 0.1123046875 0.099609375 0.134765625
0 0.59228515625 0.26171875 0.1318359375 0.09375
0 0.25390625 0.4189453125 0.087890625 0.1015625
