0 0.048828125 0.6572265625 0.078125 0.076171875
0 0.197265625 0.2802734375 0.09375 0.09765625
0 0.5791015625 0.3115234375 0.134765625 0.177734375
0 0.673828125 0.453125 0.10546875 0.169921875
0 0.291015625 0.92724609375 0.1484375 0.1376953125
0 0.66455078125 0.080078125 0.2099609375 0.076171875
0 0.8388671875 0.85888671875 0.16796875 0.2724609375
0 0.27783203125 0.67236328125 0.1220703125 0.1044921875
0 0.42529296875 0.3251953125 0.0947265625 0.12890625
0 0.6259765625 0.71142578125 0.146484375 0.1025390625
0 0.59228515625 0.5302734375 0.1240234375 0.103515625
0 0.283203125 0.50048828125 0.087890625 0.1708984375
0 0.0810546875 0.935546875 0.162109375 0.107421875
0 0.0361328125 0.23681640625 0.072265625 0.1376953125
0 0.98193359375 0.783203125 0.0341796875 0.1484375
0 0.34716796875 0.5908203125 0.1943359375 0.09375
0 0.96337890625 0.5458984375 0.0732421875 0.103515625
0 0.97509765625 0.93896484375 0.0498046875 0.0849609375
0 0.265625 0.15673828125 0.1328125 0.1513671875
0 0.28662109375 0.0439453125 0.1142578125 0.083984375
0 0.08251953125 0.3505859375 0.1337890625 0.095703125
0 0.37841796875 0.86669921875 0.1708984375 0.0869140625
0 0.06494140625 0.74609375 0.1298828125 0.111328125
0 0.56494140625 0.95068359375 0.0830078125 0.0966796875
0 0.16748046875 0.57421875 0.1787109375 0.109375
0 0.40576171875 0.04541015625 0.2099609375 0.0888671875
0 0.810546875 0.23974609375 0.18359375 0.0986328125
0 0.669921875 0.35205078125 0.0859375 0.1220703125
0 0.4873046875 0.95703125 0.11328125 0.08203125
