0 0.75390625 0.47216796875 0.10546875 0.1181640625
0 0.46728515625 0.6953125 0.0791015625 0.091796875
0 0.1884765625 0.30908203125 0.125 0.0673828125
0 0.890625 0.2734375 0.072265625 0.083984375
0 0.84423828125 0.58642578125 0.0947265625 0.0888671875
0 0.25732421875 0.95361328125 0.0693359375 0.0908203125
0 0.75244140625 0.6337890625 0.0947265625 0.1015625
0 0.33154296875 0.97412109375 0.0869140625 0.0478515625
0 0.63232421875 0.3515625 0.1240234375 0.087890625
0 0.9404296875 0.52392578125 0.087890625 0.1240234375
0 0.9501953125 0.83154296875 0.064453125 0.0927734375
0 0.92041015625 0.939453125 0.1337890625 0.115234375
0 0.4169921875 0.3525390625 0.064453125 0.09765625
0 0.14306640625 0.396484375 0.1044921875 0.09765625
0 0.1884765625 0.9501953125 0.111328125 0.091796875
0 0.7822265625 0.83935546875 0.123046875 0.1103515625
0 0.27734375 0.3505859375 0.07421875 0.09765625
0 0.9658203125 0.9228515625 0.06640625 0.15234375
0 0.81494140625 0.326171875 0.1220703125 0.111328125
0 0.5146484375 0.09619140625 0.087890625 0.1025390625
0 0.5810546875 0.3232421875 0.09375 0.0546875
0 0.29345703125 0.61328125 0.1357421875 0.087890625
0 0.5615234375 0.85791015625 0.09375 0.1455078125
0 0.10986328125 0.84619140625 0.1142578125 0.0927734375
0 0.75927734375 0.259765625 0.0791015625 0.095703125
0 0.4892578125 0.02392578125 0.103515625 0.0478515625
