0 0.1865234375 0.3203125 0.08203125 0.15625
0 0.1826171875 0.2099609375 0.08984375 0.095703125
0 0.56591796875 0.828125 0.2236328125 0.0859375
0 0.10107421875 0.771484375 0.0908203125 0.091796875
0 0.07666015625 0.60498046875 0.1533203125 0.1337890625
0 0.3310546875 0.47607421875 0.056640625 0.0693359375
0 0.30810546875 0.3876953125 0.0830078125 0.09375
0 0.52001953125 0.439453125 0.0927734375 0.1015625
0 0.49560546875 0.2001953125 0.1025390625 0.07421875
0 0.9716796875 0.3017578125 0.0546875 0.109375
0 0.06494140625 0.15087890625 0.0732421875 0.0751953125
0 0.25927734375 0.68505859375 0.0810546875 0.0986328125
0 0.396484375 0.7138671875 0.046875 0.056640625
0 0.41162109375 0.90771484375 0.0615234375 0.1083984375
0 0.9580078125 0.5078125 0.08203125 0.06640625
0 0.03857421875 0.4775390625 0.0771484375 0.109375
0 0.59716796875 0.21630859375 0.0693359375 0.0732421875
0 0.6083984375 0.33544921875 0.07421875 0.0810546875
0 0.89208984375 0.76025390625 0.0732421875 0.0712890625
0 0.61474609375 0.44287109375 0.0927734375 0.0615234375
0 0.1884765625 0.44677734375 0.076171875 0.1142578125
0 0.45458984375 0.2880859375 0.0810546875 0.06640625
0 0.373046875 0.21923828125 0.068359375 0.0654296875
0 0.06396484375 0.3369140625 0.0537109375 0.056640625
0 0.78857421875 0.6904296875 0.0869140625 0.06640625
0 0.96435546875 0.892578125 0.0693359375 0.09375
0 0.47216796875 0.66650390625 0.0947265625 0.0908203125
0 0.78759765625 0.96826171875 0.0537109375 0.0595703125
0 0.9453125 0.1005859375 0.10546875 0.0703125
0 0.85595703125 0.6513671875 0.0771484375 0.080078125
0 0.70849609375 0.23876953125 0.0615234375 0.0556640625
0 0.74658203125 0.1279296875 0.0712890625 0.0703125
