0 0.88525390625 0.6689453125 0.0556640625 0.083984375
0 0.6376953125 0.81201171875 0.087890625 0.2001953125
0 0.9189453125 0.2119140625 0.099609375 0.173828125
0 0.306640625 0.3515625 0.099609375 0.099609375
0 0.11181640625 0.4560546875 0.1240234375 0.109375
0 0.0478515625 0.89404296875 0.095703125 0.1865234375
0 0.564453125 0.76513671875 0.08203125 0.0849609375
0 0.37548828125 0.52685546875 0.1474609375 0.0927734375
0 0.19677734375 0.79248046875 0.0830078125 0.1337890625
0 0.07763671875 0.30908203125 0.1552734375 0.1337890625
0 0.05126953125 0.39892578125 0.1025390625 0.0966796875
0 0.41943359375 0.33544921875 0.1650390625 0.1240234375
0 0.60107421875 0.9423828125 0.0830078125 0.109375
0 0.8837890625 0.0966796875 0.080078125 0.095703125
0 0.79052734375 0.6767578125 0.1337890625 0.130859375
0 0.17529296875 0.11279296875 0.1689453125 0.1220703125
0 0.41650390625 0.40087890625 0.0986328125 0.1298828125
0 0.97607421875 0.6826171875 0.0458984375 0.0859375
0 0.43896484375 0.94091796875 0.0908203125 0.1142578125
0 0.23046875 0.30517578125 0.201171875 0.1162109375
0 0.8330078125 0.77880859375 0.19921875 0.2216796875
