0 0.60107421875 0.86572265625 0.1044921875 0.2607421875
0 0.39892578125 0.18505859375 0.1357421875 0.0986328125
0 0.3037109375 0.8466796875 0.138671875 0.126953125
0 0.974609375 0.43212890625 0.05078125 0.1474609375
0 0.0224609375 0.02392578125 0.044921875 0.0458984375
0 0.94970703125 0.2880859375 0.1005859375 0.07421875
0 0.0595703125 0.166015625 0.119140625 0.083984375
0 0.76025390625 0.60205078125 0.0986328125 0.0908203125
0 0.9345703125 0.20703125 0.10546875 0.1328125
0 0.05419921875 0.85986328125 0.1083984375 0.0869140625
0 0.1455078125 0.369140625 0.0859375 0.146484375
0 0.9501953125 0.7041015625 0.09375 0.091796875
0 0.2177734375 0.287109375 0.09375 0.099609375
0 0.6630859375 0.759765625 0.0703125 0.138671875
0 0.73193359375 0.85595703125 0.1181640625 0.1337890625
0 0.380859375 0.23876953125 0.150390625 0.0947265625
