0 0.46630859375 0.42529296875 0.1435546875 0.1162109375
0 0.2119140625 0.41748046875 0.12890625 0.1083984375
0 0.130859375 0.2041015625 0.103515625 0.138671875
0 0.55126953125 0.29296875 0.1005859375 0.1015625
0 0.5458984375 0.171875 0.107421875 0.126953125
0 0.38330078125 0.2158203125 0.1025390625 0.11328125
0 0.0888671875 0.22705078125 0.087890625 0.0693359375
0 0.2802734375 0.75 0.103515625 0.205078125
0 0.1845703125 0.94580078125 0.0703125 0.0693359375
0 0.8544921875 0.75537109375 0.10546875 0.1005859375
0 0.27392578125 0.85693359375 0.1220703125 0.1533203125
0 0.939453125 0.2021484375 0.119140625 0.078125
0 0.08984375 0.7958984375 0.07421875 0.197265625
0 0.46630859375 0.10400390625 0.0830078125 0.0693359375
0 0.79736328125 0.640625 0.0966796875 0.111328125
0 0.10546875 0.31884765625 0.09765625 0.0927734375
0 0.3115234375 0.1240234375 0.08203125 0.134765625
0 0.9736328125 0.97412109375 0.05078125 0.0478515625
0 0.44873046875 0.70458984375 0.1494140625 0.1708984375
