0 0.765625 0.63720703125 0.1328125 0.0947265625
0 0.966796875 0.3251953125 0.064453125 0.087890625
0 0.5732421875 0.1474609375 0.091796875 0.10546875
0 0.70751953125 0.5068359375 0.1083984375 0.095703125
0 0.8095703125 0.765625 0.126953125 0.080078125
0 0.57666015625 0.39453125 0.0888671875 0.125
0 0.08349609375 0.92822265625 0.1669921875 0.1240234375
0 0.14599609375 0.32470703125 0.1181640625 0.1181640625
0 0.8623046875 0.4228515625 0.1015625 0.119140625
0 0.93310546875 0.02978515625 0.0908203125 0.0556640625
0 0.640625 0.30712890625 0.087890625 0.1005859375
0 0.49658203125 0.75537109375 0.1005859375 0.1123046875
0 0.20068359375 0.38330078125 0.1513671875 0.2353515625
0 0.033203125 0.03662109375 0.06640625 0.0732421875
0 0.26904296875 0.60107421875 0.1123046875 0.1630859375
0 0.5458984375 0.23486328125 0.083984375 0.0830078125
0 0.43896484375 0.443359375 0.1337890625 0.16796875
0 0.09033203125 0.7255859375 0.0888671875 0.0859375
0 0.6064453125 0.6337890625 0.1171875 0.140625
0 0.43212890625 0.974609375 0.1083984375 0.048828125
0 0.27783203125 0.12255859375 0.1181640625 0.1337890625
0 0.04443359375 0.5126953125 0.0888671875 0.111328125
0 0.30419921875 0.42431640625 0.1572265625 0.1083984375
