0 0.0390625 0.14013671875 0.078125 0.0947265625
0 0.54833984375 0.04833984375 0.0986328125 0.0654296875
0 0.0439453125 0.4404296875 0.087890625 0.099609375
0 0.61474609375 0.73974609375 0.0693359375 0.1005859375
0 0.470703125 0.6298828125 0.087890625 0.095703125
0 0.013671875 0.7578125 0.02734375 0.119140625
0 0.2724609375 0.98486328125 0.0703125 0.0302734375
0 0.25732421875 0.03271484375 0.1044921875 0.0654296875
0 0.02734375 0.8798828125 0.044921875 0.0546875
0 0.18408203125 0.423828125 0.1162109375 0.078125
0 0.1083984375 0.75634765625 0.10546875 0.0654296875
0 0.3271484375 0.45947265625 0.080078125 0.1064453125
0 0.15478515625 0.4482421875 0.0771484375 0.041015625
0 0.02490234375 0.22705078125 0.0498046875 0.0751953125
0 0.89892578125 0.91064453125 0.0595703125 0.0654296875
0 0.28173828125 0.818359375 0.0576171875 0.068359375
0 0.6376953125 0.17529296875 0.083984375 0.0712890625
0 0.7099609375 0.48681640625 0.07421875 0.0732421875
0 0.8056640625 0.4541015625 0.099609375 0.1015625
0 0.28857421875 0.34326171875 0.0771484375 0.1083984375
0 0.45654296875 0.71337890625 0.1220703125 0.0966796875
0 0.212890625 0.8671875 0.091796875 0.099609375
0 0.04931640625 0.927734375 0.0908203125 0.068359375
0 0.12060546875 0.18701171875 0.0693359375 0.0693359375
0 0.0244140625 0.548828125 0.048828125 0.107421875
0 0.65478515625 0.6044921875 0.1005859375 0.107421875
