0 0.33935546875 0.1728515625 0.1181640625 0.109375
0 0.740234375 0.16796875 0.087890625 0.16015625
0 0.9697265625 0.40283203125 0.05859375 0.1103515625
0 0.56103515625 0.01318359375 0.1474609375 0.0263671875
0 0.5634765625 0.0634765625 0.1328125 0.125
0 0.36865234375 0.98046875 0.0771484375 0.0390625
0 0.400390625 0.25830078125 0.142578125 0.1220703125
0 0.17626953125 0.04541015625 0.0732421875 0.0888671875
0 0.68017578125 0.83349609375 0.1669921875 0.0927734375
0 0.82666015625 0.8212890625 0.0869140625 0.125
0 0.44677734375 0.64453125 0.1044921875 0.095703125
0 0.54345703125 0.3701171875 0.0791015625 0.134765625
0 0.3623046875 0.849609375 0.111328125 0.07421875
0 0.48388671875 0.8505859375 0.1201171875 0.154296875
0 0.029296875 0.95263671875 0.05859375 0.0869140625
0 0.7587890625 0.9482421875 0.12890625 0.099609375
0 0.37158203125 0.935546875 0.1220703125 0.091796875
0 0.322265625 0.51806640625 0.115234375 0.1103515625
0 0.64990234375 0.51123046875 0.1123046875 0.1474609375
0 0.26953125 0.31201171875 0.072265625 0.1611328125
0 0.30224609375 0.91943359375 0.1162109375 0.0732421875
0 0.5703125 0.26513671875 0.126953125 0.1923828125
0 0.78857421875 0.77392578125 0.0712890625 0.1123046875
0 0.87109375 0.1796875 0.107421875 0.1171875
0 0.8203125 0.09033203125 0.19140625 0.1767578125
0 0.5517578125 0.6552734375 0.11328125 0.103515625
0 0.11962890625 0.6826171875 0.1162109375 0.123046875
0 0.06005859375 0.85205078125 0.1103515625 0.1044921875
