0 0.298828125 0.15869140625 0.103515625 0.1142578125
0 0.537109375 0.4765625 0.107421875 0.125
0 0.935546875 0.55419921875 0.126953125 0.1220703125
0 0.61865234375 0.90234375 0.1123046875 0.09765625
0 0.642578125 0.83935546875 0.083984375 0.0576171875
0 0.943359375 0.3759765625 0.111328125 0.126953125
0 0.9072265625 0.8037109375 0.10546875 0.083984375
0 0.39404296875 0.82568359375 0.0927734375 0.1025390625
0 0.64208984375 0.04638671875 0.1025390625 0.0908203125
0 0.248046875 0.77001953125 0.109375 0.0673828125
0 0.43701171875 0.88037109375 0.0634765625 0.0712890625
0 0.4990234375 0.76123046875 0.091796875 0.1025390625
0 0.47900390625 0.34619140625 0.1376953125 0.1083984375
0 0.75927734375 0.6943359375 0.1220703125 0.1796875
0 0.8408203125 0.181640625 0.10546875 0.095703125
0 0.58544921875 0.49267578125 0.0869140625 0.1435546875
0 0.2294921875 0.6904296875 0.12890625 0.080078125
0 0.7568359375 0.234375 0.138671875 0.09375
0 0.2158203125 0.05322265625 0.123046875 0.0751953125
0 0.4873046875 0.103515625 0.095703125 0.138671875
