0 0.40966796875 0.80322265625 0.0908203125 0.0849609375
0 0.40576171875 0.2412109375 0.1083984375 0.064453125
0 0.048828125 0.8095703125 0.091796875 0.083984375
0 0.3447265625 0.96142578125 0.087890625 0.0751953125
0 0.2529296875 0.11474609375 0.138671875 0.1806640625
0 0.427734375 0.67822265625 0.09765625 0.1025390625
0 0.2939453125 0.45166015625 0.126953125 0.1669921875
0 0.0625 0.9033203125 0.103515625 0.119140625
0 0.02099609375 0.72607421875 0.0419921875 0.0771484375
0 0.7216796875 0.634765625 0.140625 0.17578125
0 0.68798828125 0.44189453125 0.0634765625 0.0791015625
0 0.08447265625 0.9697265625 0.1005859375 0.056640625
0 0.3046875 0.89453125 0.08984375 0.119140625
0 0.443359375 0.43017578125 0.119140625 0.1142578125
0 0.81201171875 0.3603515625 0.0966796875 0.08203125
0 0.5810546875 0.62158203125 0.0859375 0.1083984375
0 0.3408203125 0.115234375 0.072265625 0.078125
0 0.11279296875 0.20361328125 0.1025390625 0.1240234375
0 0.28466796875 0.96630859375 0.0810546875 0.0595703125
0 0.7822265625 0.515625 0.130859375 0.1640625
0 0.353515625 0.31005859375 0.07421875 0.0693359375
0 0.634765625 0.6513671875 0.08984375 0.072265625
0 0.2724609375 0.67041015625 0.140625 0.0810546875
0 0.84716796875 0.947265625 0.1005859375 0.09375
0 0.15673828125 0.38671875 0.1259765625 0.13671875
0 0.17041015625 0.10595703125 0.0947265625 0.1005859375
0 0.97265625 0.51708984375 0.052734375 0.1123046875
0 0.8642578125 0.4169921875 0.134765625 0.11328125
0 0.73876953125 0.833984375 0.0986328125 0.099609375
0 0.9033203125 0.74658203125 0.087890625 0.1162109375
0 0.1044921875 0.54296875 0.0859375 0.125
0 0.1552734375 0.53076171875 0.087890625 0.0576171875
0 0.23388671875 0.27490234375 0.1103515625 0.0888671875
0 0.80810546875 0.03466796875 0.1787109375 0.0673828125
0 0.4052734375 0.9072265625 0.109375 0.111328125
0 0.1953125 0.91845703125 0.09375 0.1005859375
