0 0.28564453125 0.92529296875 0.0908203125 0.1455078125
0 0.703125 0.43994140625 0.103515625 0.1318359375
0 0.11669921875 0.90673828125 0.1396484375 0.1416015625
0 0.06884765625 0.0712890625 0.1103515625 0.140625
0 0.42578125 0.92919921875 0.091796875 0.1396484375
0 0.26220703125 0.1328125 0.0751953125 0.1171875
0 0.42724609375 0.0556640625 0.0654296875 0.111328125
0 0.81298828125 0.611328125 0.1025390625 0.123046875
0 0.7998046875 0.16357421875 0.1015625 0.0986328125
0 0.0703125 0.90283203125 0.111328125 0.1083984375
0 0.28662109375 0.39892578125 0.0576171875 0.0751953125
0 0.63720703125 0.0478515625 0.1552734375 0.09375
0 0.19091796875 0.56884765625 0.1044921875 0.1298828125
0 0.09423828125 0.41064453125 0.0771484375 0.0810546875
0 0.59912109375 0.65185546875 0.1103515625 0.1650390625
0 0.625 0.1435546875 0.0859375 0.1484375
0 0.53515625 0.05126953125 0.076171875 0.0927734375
0 0.8427734375 0.15966796875 0.08984375 0.1337890625
0 0.5390625 0.9765625 0.08984375 0.04296875
0 0.13671875 0.38916015625 0.083984375 0.0810546875
0 0.2578125 0.03173828125 0.09375 0.0634765625
0 0.6689453125 0.52197265625 0.1015625 0.0810546875
0 0.77294921875 0.51708984375 0.1103515625 0.0947265625
