0 0.4189453125 0.19775390625 0.10546875 0.1025390625
0 0.109375 0.2353515625 0.080078125 0.09375
0 0.88330078125 0.5517578125 0.0947265625 0.072265625
0 0.509765625 0.8388671875 0.083984375 0.125
0 0.8564453125 0.23974609375 0.10546875 0.1201171875
0 0.5380859375 0.46875 0.068359375 0.09375
0 0.19873046875 0.93798828125 0.0810546875 0.0830078125
0 0.2509765625 0.048828125 0.087890625 0.07421875
0 0.23291015625 0.41015625 0.0654296875 0.060546875
0 0.7265625 0.60302734375 0.1640625 0.0986328125
0 0.21533203125 0.6201171875 0.0927734375 0.083984375
0 0.3515625 0.306640625 0.078125 0.080078125
0 0.1357421875 0.06982421875 0.076171875 0.0751953125
0 0.5078125 0.505859375 0.099609375 0.091796875
0 0.6240234375 0.48291015625 0.072265625 0.1259765625
0 0.74267578125 0.970703125 0.0869140625 0.05078125
0 0.11767578125 0.376953125 0.0751953125 0.08203125
0 0.63525390625 0.25048828125 0.0908203125 0.1376953125
0 0.76708984375 0.056640625 0.0751953125 0.087890625
0 0.05615234375 0.5380859375 0.1123046875 0.0859375
0 0.27734375 0.2548828125 0.125 0.083984375
0 0.5693359375 0.62841796875 0.083984375 0.0810546875
0 0.26806640625 0.2109375 0.0849609375 0.099609375
0 0.94140625 0.9619140625 0.078125 0.060546875
0 0.09423828125 0.90576171875 0.1201171875 0.1220703125
0 0.33935546875 0.98486328125 0.0712890625 0.0283203125
0 0.70361328125 0.37255859375 0.0712890625 0.0693359375
0 0.10498046875 0.7900390625 0.0810546875 0.064453125
0 0.52099609375 0.95703125 0.0908203125 0.083984375
0 0.20751953125 0.28125 0.0751953125 0.080078125
0 0.8193359375 0.412109375 0.1171875 0.119140625
0 0.08349609375 0.09619140625 0.0888671875 0.1103515625
