0 0.9443359375 0.4091796875 0.109375 0.16015625
0 0.40869140625 0.013671875 0.1259765625 0.02734375
0 0.01025390625 0.73828125 0.0205078125 0.080078125
0 0.962890625 0.048828125 0.072265625 0.091796875
0 0.2021484375 0.1884765625 0.09375 0.216796875
0 0.32763671875 0.38720703125 0.2353515625 0.1201171875
0 0.728515625 0.0380859375 0.046875 0.076171875
0 0.67724609375 0.4111328125 0.1181640625 0.142578125
0 0.798828125 0.36572265625 0.10546875 0.0947265625
0 0.3525390625 0.1396484375 0.271484375 0.107421875
0 0.7529296875 0.6328125 0.0859375 0.08984375
0 0.126953125 0.1357421875 0.111328125 0.271484375
0 0.234375 0.388671875 0.0859375 0.166015625
0 0.82080078125 0.673828125 0.1396484375 0.212890625
0 0.248046875 0.7314453125 0.13671875 0.119140625
0 0.27099609375 0.5126953125 0.0654296875 0.1328125
0 0.19970703125 0.03759765625 0.0791015625 0.0712890625
