0 0.16845703125 0.3828125 0.0849609375 0.09375
0 0.34912109375 0.66162109375 0.1669921875 0.0908203125
0 0.65576171875 0.4677734375 0.2021484375 0.115234375
0 0.12939453125 0.8203125 0.0751953125 0.072265625
0 0.2724609375 0.85498046875 0.10546875 0.0908203125
0 0.01904296875 0.517578125 0.0380859375 0.08984375
0 0.53466796875 0.2744140625 0.1806640625 0.099609375
0 0.33544921875 0.48876953125 0.1376953125 0.0888671875
0 0.830078125 0.10205078125 0.11328125 0.0888671875
0 0.5712890625 0.93798828125 0.109375 0.0986328125
0 0.900390625 0.14013671875 0.197265625 0.1025390625
0 0.89599609375 0.90966796875 0.1337890625 0.1123046875
0 0.19580078125 0.896484375 0.1025390625 0.07421875
0 0.13916015625 0.7705078125 0.0888671875 0.083984375
0 0.61669921875 0.783203125 0.1064453125 0.0859375
0 0.08349609375 0.056640625 0.1259765625 0.11328125
0 0.03955078125 0.873046875 0.0791015625 0.078125
0 0.03759765625 0.72314453125 0.0751953125 0.0908203125
0 0.7373046875 0.169921875 0.177734375 0.0859375
0 0.751953125 0.25439453125 0.09375 0.0712890625
0 0.2822265625 0.23583984375 0.107421875 0.1123046875
0 0.068359375 0.5 0.08203125 0.078125
0 0.79736328125 0.71923828125 0.1337890625 0.0966796875
0 0.2607421875 0.537109375 0.083984375 0.083984375
0 0.83935546875 0.30419921875 0.1005859375 0.1513671875
0 0.34521484375 0.97607421875 0.0830078125 0.0439453125
0 0.16015625 0.298828125 0.119140625 0.16796875
0 0.09765625 0.67578125 0.09375 0.0859375
0 0.60986328125 0.708984375 0.0771484375 0.119140625
0 0.1201171875 0.95947265625 0.095703125 0.0732421875
0 0.623046875 0.05517578125 0.15625 0.1103515625
0 0.70263671875 0.5673828125 0.0927734375 0.119140625
0 0.19970703125 0.7861328125 0.0693359375 0.09765625
0 0.59375 0.60498046875 0.099609375 0.1201171875
0 0.28759765625 0.0771484375 0.0712890625 0.072265625
0 0.4306640625 0.0390625 0.056640625 0.0625
0 0.904296875 0.357421875 0.095703125 0.091796875
0 0.59033203125 0.52294921875 0.1025390625 0.0966796875
