0 0.96923828125 0.36572265625 0.0595703125 0.0673828125
0 0.0283203125 0.24462890625 0.056640625 0.0810546875
0 0.34228515625 0.50634765625 0.2509765625 0.1298828125
0 0.08984375 0.96875 0.115234375 0.0625
0 0.50048828125 0.9072265625 0.0595703125 0.1796875
0 0.9287109375 0.80810546875 0.095703125 0.0810546875
0 0.7548828125 0.2158203125 0.1328125 0.189453125
0 0.3056640625 0.38330078125 0.1484375 0.2080078125
0 0.70068359375 0.2197265625 0.1748046875 0.20703125
0 0.56591796875 0.7041015625 0.0791015625 0.19140625
0 0.23876953125 0.041015625 0.0771484375 0.08203125
0 0.7607421875 0.060546875 0.083984375 0.119140625
0 0.4873046875 0.091796875 0.12109375 0.18359375
0 0.03515625 0.11279296875 0.0703125 0.0869140625
0 0.515625 0.1689453125 0.078125 0.232421875
0 0.44384765625 0.87548828125 0.1650390625 0.1494140625
0 0.1787109375 0.11474609375 0.09375 0.2294921875
0 0.26123046875 0.21142578125 0.1787109375 0.1201171875
0 0.2998046875 0.69091796875 0.0703125 0.1396484375
0 0.95947265625 0.58056640625 0.0771484375 0.2158203125
0 0.70556640625 0.4697265625 0.2412109375 0.24609375
0 0.63134765625 0.65576171875 0.0966796875 0.0947265625
0 0.87109375 0.07080078125 0.123046875 0.1005859375
0 0.1259765625 0.0986328125 0.125 0.1953125
0 0.94482421875 0.0615234375 0.1083984375 0.080078125
0 0.5634765625 0.8779296875 0.115234375 0.125
0 0.07080078125 0.2939453125 0.1416015625 0.16796875
0 0.71435546875 0.642578125 0.1298828125 0.099609375
0 0.9296875 0.22412109375 0.138671875 0.1787109375
0 0.91748046875 0.13818359375 0.1630859375 0.0927734375
0 0.91162109375 0.91162109375 0.1748046875 0.0810546875
