0 0.27392578125 0.82470703125 0.0810546875 0.1337890625
0 0.9775390625 0.20361328125 0.044921875 0.0654296875
0 0.048828125 0.43701171875 0.09765625 0.1552734375
0 0.8671875 0.4736328125 0.0859375 0.158203125
0 0.025390625 0.02880859375 0.05078125 0.0576171875
0 0.08984375 0.18310546875 0.107421875 0.1181640625
0 0.259765625 0.0732421875 0.130859375 0.146484375
0 0.83251953125 0.83154296875 0.1005859375 0.1669921875
0 0.13720703125 0.6357421875 0.1630859375 0.083984375
0 0.62060546875 0.22705078125 0.1611328125 0.1044921875
0 0.52099609375 0.04931640625 0.1806640625 0.0830078125
0 0.04736328125 0.77783203125 0.0947265625 0.0654296875
0 0.44580078125 0.07421875 0.1494140625 0.109375
0 0.0634765625 0.8154296875 0.126953125 0.162109375
0 0.4228515625 0.375 0.205078125 0.158203125
