0 0.611328125 0.62841796875 0.1640625 0.1123046875
0 0.94189453125 0.5576171875 0.0986328125 0.1171875
0 0.16748046875 0.69140625 0.1650390625 0.080078125
0 0.35400390625 0.4208984375 0.1142578125 0.072265625
0 0.3232421875 0.62646484375 0.19921875 0.1396484375
0 0.7109375 0.71240234375 0.080078125 0.2197265625
0 0.8466796875 0.830078125 0.087890625 0.125
0 0.6708984375 0.18798828125 0.076171875 0.1767578125
0 0.79833984375 0.3212890625 0.1123046875 0.201171875
0 0.701171875 0.2275390625 0.197265625 0.236328125
0 0.369140625 0.35693359375 0.109375 0.0791015625
0 0.50244140625 0.29638671875 0.1181640625 0.2216796875
0 0.95263671875 0.453125 0.0693359375 0.0859375
0 0.33984375 0.96826171875 0.0859375 0.0556640625
0 0.84033203125 0.47900390625 0.1611328125 0.1669921875
0 0.84228515625 0.60400390625 0.0810546875 0.1513671875
0 0.3564453125 0.15625 0.08984375 0.126953125
0 0.07421875 0.85009765625 0.1484375 0.1064453125
0 0.90185546875 0.08740234375 0.1943359375 0.1748046875
0 0.80517578125 0.03466796875 0.1181640625 0.0673828125
0 0.31689453125 0.78076171875 0.1337890625 0.2060546875
0 0.5849609375 0.2021484375 0.130859375 0.123046875
0 0.1171875 0.96142578125 0.095703125 0.0771484375
0 0.56298828125 0.94189453125 0.1728515625 0.0908203125
0 0.416015625 0.69677734375 0.154296875 0.1279296875
