0 0.5068359375 0.96240234375 0.103515625 0.0673828125
0 0.2333984375 0.7216796875 0.072265625 0.140625
0 0.56005859375 0.6572265625 0.0791015625 0.111328125
0 0.11279296875 0.23828125 0.2255859375 0.123046875
0 0.84033203125 0.3330078125 0.1318359375 0.150390625
0 0.37255859375 0.49853515625 0.1357421875 0.1689453125
0 0.033203125 0.126953125 0.06640625 0.076171875
0 0.53955078125 0.4267578125 0.0830078125 0.10546875
0 0.8583984375 0.42578125 0.08203125 0.072265625
0 0.921875 0.42138671875 0.154296875 0.0751953125
0 0.82666015625 0.85546875 0.1669921875 0.087890625
0 0.6845703125 0.88037109375 0.173828125 0.1982421875
0 0.80517578125 0.9658203125 0.0576171875 0.0625
0 0.37158203125 0.69482421875 0.0810546875 0.1865234375
0 0.19482421875 0.056640625 0.1435546875 0.11328125
0 0.0751953125 0.56591796875 0.09375 0.1357421875
0 0.15869140625 0.712890625 0.1630859375 0.12109375
0 0.77685546875 0.03271484375 0.0888671875 0.0615234375
0 0.6533203125 0.51171875 0.099609375 0.22265625
0 0.38671875 0.41943359375 0.109375 0.0634765625
0 0.513671875 0.06298828125 0.177734375 0.1220703125
0 0.87841796875 0.02880859375 0.0966796875 0.0576171875
0 0.8916015625 0.97509765625 0.05859375 0.0400390625
0 0.267578125 0.39306640625 0.107421875 0.1494140625
0 0.072265625 0.06689453125 0.14453125 0.0693359375
0 0.56005859375 0.28466796875 0.1884765625 0.1298828125
0 0.4423828125 0.75439453125 0.16015625 0.1357421875
0 0.03271484375 0.8193359375 0.0654296875 0.15234375
0 0.0234375 0.04541015625 0.046875 0.0908203125
