0 0.03759765625 0.30859375 0.0751953125 0.08984375
0 0.76220703125 0.78662109375 0.0849609375 0.1943359375
0 0.6064453125 0.54541015625 0.09375 0.1884765625
0 0.9423828125 0.25732421875 0.11328125 0.1455078125
0 0.67041015625 0.95849609375 0.1083984375 0.0830078125
0 0.33203125 0.2265625 0.1015625 0.125
0 0.5126953125 0.59375 0.080078125 0.0703125
0 0.88623046875 0.390625 0.0888671875 0.109375
0 0.94580078125 0.61572265625 0.1064453125 0.1044921875
0 0.1708984375 0.0537109375 0.146484375 0.107421875
0 0.71142578125 0.5302734375 0.0986328125 0.103515625
0 0.64599609375 0.21435546875 0.0751953125 0.1396484375
0 0.63818359375 0.63232421875 0.1669921875 0.0830078125
0 0.447265625 0.40380859375 0.056640625 0.0751953125
0 0.09375 0.39599609375 0.068359375 0.1357421875
0 0.89404296875 0.78515625 0.1591796875 0.125
0 0.76025390625 0.5009765625 0.0830078125 0.064453125
0 0.025390625 0.615234375 0.05078125 0.125
0 0.56982421875 0.75146484375 0.0849609375 0.1357421875
0 0.19921875 0.173828125 0.08984375 0.076171875
0 0.052734375 0.09130859375 0.10546875 0.1552734375
0 0.455078125 0.06298828125 0.087890625 0.0869140625
0 0.021484375 0.5263671875 0.04296875 0.07421875
0 0.2041015625 0.11279296875 0.13671875 0.0986328125
0 0.02734375 0.20263671875 0.0546875 0.0830078125
0 0.81591796875 0.61474609375 0.0556640625 0.0869140625
0 0.37353515625 0.38623046875 0.1298828125 0.1103515625
