0 0.30810546875 0.05517578125 0.1044921875 0.0927734375
0 0.33251953125 0.12255859375 0.1318359375 0.1064453125
0 0.76806640625 0.52490234375 0.0986328125 0.1162109375
0 0.97265625 0.52587890625 0.052734375 0.0771484375
0 0.3154296875 0.9697265625 0.078125 0.05859375
0 0.572265625 0.88623046875 0.1015625 0.1396484375
0 0.9609375 0.1923828125 0.076171875 0.09375
0 0.26318359375 0.87841796875 0.0830078125 0.1181640625
0 0.822265625 0.09912109375 0.099609375 0.0966796875
0 0.880859375 0.4189453125 0.146484375 0.068359375
0 0.02392578125 0.2939453125 0.0478515625 0.103515625
0 0.103515625 0.82666015625 0.09375 0.1416015625
0 0.4189453125 0.39453125 0.080078125 0.111328125
0 0.51025390625 0.15625 0.1123046875 0.0859375
0 0.9599609375 0.0400390625 0.078125 0.080078125
0 0.61767578125 0.966796875 0.0927734375 0.06640625
0 0.2548828125 0.9482421875 0.064453125 0.103515625
0 0.685546875 0.95703125 0.078125 0.0859375
0 0.9619140625 0.30224609375 0.07421875 0.0830078125
0 0.0732421875 0.7041015625 0.1328125 0.126953125
0 0.08056640625 0.443359375 0.0947265625 0.103515625
0 0.7802734375 0.88134765625 0.123046875 0.2099609375
0 0.34619140625 0.849609375 0.0595703125 0.087890625
0 0.314453125 0.62646484375 0.0859375 0.1064453125
0 0.244140625 0.19384765625 0.09375 0.0927734375
