0 0.974609375 0.8720703125 0.048828125 0.0859375
0 0.4951171875 0.90283203125 0.173828125 0.1923828125
0 0.71923828125 0.95751953125 0.1845703125 0.0771484375
0 0.36767578125 0.6005859375 0.1083984375 0.060546875
0 0.18310546875 0.037109375 0.1005859375 0.072265625
0 0.9091796875 0.89697265625 0.091796875 0.0791015625
0 0.7158203125 0.55126953125 0.0546875 0.1494140625
0 0.63671875 0.9013671875 0.060546875 0.068359375
0 0.23583984375 0.08837890625 0.0810546875 0.0849609375
0 0.3720703125 0.0625 0.119140625 0.123046875
0 0.11181640625 0.591796875 0.0927734375 0.072265625
0 0.05126953125 0.46533203125 0.1025390625 0.1728515625
0 0.912109375 0.62646484375 0.060546875 0.0869140625
0 0.71044921875 0.15869140625 0.0927734375 0.1787109375
0 0.455078125 0.68701171875 0.072265625 0.1083984375
0 0.39306640625 0.80029296875 0.1259765625 0.0888671875
0 0.78515625 0.7490234375 0.103515625 0.0625
0 0.1767578125 0.55322265625 0.091796875 0.2451171875
0 0.81494140625 0.0458984375 0.1435546875 0.091796875
0 0.85400390625 0.5859375 0.0712890625 0.06640625
0 0.38525390625 0.5166015625 0.0712890625 0.06640625
0 0.90087890625 0.12255859375 0.1396484375 0.0771484375
0 0.96826171875 0.7001953125 0.0615234375 0.10546875
0 0.71044921875 0.439453125 0.0947265625 0.078125
