0 0.50927734375 0.2939453125 0.1083984375 0.064453125
0 0.37109375 0.48486328125 0.1015625 0.0888671875
0 0.7109375 0.91064453125 0.126953125 0.1025390625
0 0.36376953125 0.04296875 0.0673828125 0.083984375
0 0.447265625 0.4404296875 0.083984375 0.1328125
0 0.19921875 0.640625 0.123046875 0.10546875
0 0.7275390625 0.51806640625 0.068359375 0.0830078125
0 0.94970703125 0.17431640625 0.0986328125 0.0888671875
0 0.15673828125 0.17578125 0.0673828125 0.130859375
0 0.0615234375 0.0205078125 0.078125 0.041015625
0 0.9873046875 0.32470703125 0.025390625 0.0908203125
0 0.9736328125 0.8564453125 0.048828125 0.158203125
0 0.04541015625 0.79443359375 0.0908203125 0.1376953125
0 0.10693359375 0.61669921875 0.1357421875 0.0654296875
0 0.14453125 0.24609375 0.099609375 0.1875
0 0.455078125 0.25537109375 0.07421875 0.0771484375
0 0.8671875 0.03125 0.1015625 0.060546875
0 0.8583984375 0.83740234375 0.099609375 0.0791015625
0 0.23876953125 0.06298828125 0.0654296875 0.1240234375
0 0.93310546875 0.24853515625 0.1298828125 0.0771484375
0 0.0556640625 0.53076171875 0.111328125 0.0751953125
0 0.02783203125 0.90966796875 0.0556640625 0.1748046875
0 0.05615234375 0.451171875 0.1123046875 0.109375
0 0.92578125 0.75048828125 0.111328125 0.0771484375
0 0.28759765625 0.07373046875 0.0888671875 0.1474609375
0 0.1708984375 0.3662109375 0.173828125 0.150390625
0 0.568359375 0.03857421875 0.080078125 0.0771484375
0 0.3818359375 0.32177734375 0.125 0.0439453125
0 0.5869140625 0.9794921875 0.11328125 0.0390625
0 0.59423828125 0.67333984375 0.1455078125 0.0615234375
