0 0.94677734375 0.22412109375 0.0869140625 0.0888671875
0 0.609375 0.88671875 0.103515625 0.1171875
0 0.625 0.36181640625 0.083984375 0.1025390625
0 0.6435546875 0.6796875 0.080078125 0.080078125
0 0.8134765625 0.6318359375 0.08203125 0.083984375
0 0.1630859375 0.65966796875 0.119140625 0.0732421875
0 0.5439453125 0.8330078125 0.12109375 0.130859375
0 0.54736328125 0.70556640625 0.1494140625 0.1787109375
0 0.185546875 0.83837890625 0.083984375 0.1005859375
0 0.66162109375 0.5732421875 0.0751953125 0.1015625
