0 0.6865234375 0.0693359375 0.103515625 0.083984375
0 0.21875 0.51220703125 0.11328125 0.0849609375
0 0.0830078125 0.97900390625 0.10546875 0.0419921875
0 0.5166015625 0.89990234375 0.103515625 0.1357421875
0 0.97119140625 0.3603515625 0.0556640625 0.09765625
0 0.71240234375 0.29931640625 0.1005859375 0.0751953125
0 0.20654296875 0.4072265625 0.0791015625 0.068359375
0 0.82470703125 0.96875 0.0849609375 0.060546875
0 0.9267578125 0.64453125 0.115234375 0.09765625
0 0.50390625 0.95751953125 0.068359375 0.0810546875
0 0.2060546875 0.9287109375 0.087890625 0.111328125
0 0.7265625 0.662109375 0.0703125 0.07421875
0 0.37890625 0.646484375 0.10546875 0.083984375
0 0.48974609375 0.52392578125 0.1572265625 0.0927734375
0 0.4306640625 0.31787109375 0.072265625 0.0791015625
0 0.5166015625 0.76318359375 0.09765625 0.1318359375
0 0.06201171875 0.0732421875 0.0693359375 0.072265625
0 0.568359375 0.0927734375 0.091796875 0.078125
0 0.40625 0.1552734375 0.0859375 0.08203125
0 0.72998046875 0.14794921875 0.0712890625 0.0927734375
0 0.1044921875 0.7900390625 0.076171875 0.078125
0 0.3671875 0.275390625 0.08203125 0.1015625
0 0.375 0.73193359375 0.10546875 0.0732421875
0 0.27685546875 0.54248046875 0.0966796875 0.0908203125
0 0.06884765625 0.45458984375 0.0732421875 0.0693359375
0 0.625 0.87890625 0.10546875 0.11328125
0 0.36181640625 0.93896484375 0.1279296875 0.1181640625
0 0.96630859375 0.10693359375 0.0654296875 0.1357421875
