0 0.35400390625 0.6240234375 0.0732421875 0.091796875
0 0.4091796875 0.275390625 0.091796875 0.130859375
0 0.4931640625 0.73046875 0.17578125 0.150390625
0 0.6865234375 0.70703125 0.056640625 0.09765625
0 0.39306640625 0.0478515625 0.1650390625 0.07421875
0 0.5693359375 0.07421875 0.11328125 0.14453125
0 0.630859375 0.74658203125 0.076171875 0.1669921875
0 0.82373046875 0.89501953125 0.0927734375 0.0869140625
0 0.24169921875 0.95703125 0.1025390625 0.08203125
0 0.54833984375 0.328125 0.1904296875 0.169921875
0 0.87353515625 0.1220703125 0.1376953125 0.080078125
0 0.8974609375 0.833984375 0.0703125 0.080078125
0 0.62158203125 0.75634765625 0.1376953125 0.0751953125
0 0.03662109375 0.53466796875 0.0712890625 0.0791015625
0 0.84326171875 0.59130859375 0.0673828125 0.0771484375
0 0.18017578125 0.12841796875 0.0654296875 0.0908203125
0 0.23681640625 0.75927734375 0.0771484375 0.1162109375
0 0.4501953125 0.19140625 0.095703125 0.076171875
0 0.22412109375 0.14306640625 0.1259765625 0.1767578125
0 0.54736328125 0.1826171875 0.1025390625 0.259765625
0 0.6953125 0.59130859375 0.103515625 0.1337890625
0 0.2744140625 0.41357421875 0.130859375 0.0595703125
0 0.97216796875 0.244140625 0.0517578125 0.072265625
0 0.77734375 0.71728515625 0.123046875 0.1201171875
0 0.78466796875 0.38916015625 0.0595703125 0.0634765625
0 0.95654296875 0.02392578125 0.0849609375 0.0458984375
0 0.76904296875 0.57275390625 0.0732421875 0.1591796875
0 0.9501953125 0.17724609375 0.095703125 0.0947265625
0 0.3564453125 0.6640625 0.109375 0.0859375
0 0.38818359375 0.92578125 0.1337890625 0.083984375
0 0.28271484375 0.70361328125 0.0771484375 0.0712890625
0 0.27880859375 0.171875 0.0751953125 0.083984375
