0 0.02734375 0.17578125 0.0546875 0.06640625
0 0.73388671875 0.06884765625 0.1025390625 0.1279296875
0 0.421875 0.9443359375 0.080078125 0.07421875
0 0.0439453125 0.466796875 0.087890625 0.064453125
0 0.48193359375 0.40869140625 0.0751953125 0.0732421875
0 0.31689453125 0.62890625 0.0673828125 0.07421875
0 0.3798828125 0.43408203125 0.095703125 0.1181640625
0 0.6640625 0.94140625 0.111328125 0.09765625
0 0.734375 0.3046875 0.1015625 0.08984375
0 0.96484375 0.1123046875 0.068359375 0.08984375
0 0.875 0.0205078125 0.0859375 0.041015625
0 0.373046875 0.90478515625 0.09765625 0.1064453125
0 0.31982421875 0.95166015625 0.0693359375 0.0947265625
0 0.6015625 0.62451171875 0.09765625 0.0771484375
0 0.36572265625 0.166015625 0.0771484375 0.10546875
0 0.0146484375 0.78466796875 0.029296875 0.0595703125
0 0.50048828125 0.939453125 0.1064453125 0.1171875
0 0.1298828125 0.84033203125 0.109375 0.0595703125
0 0.71435546875 0.51953125 0.0634765625 0.08203125
0 0.638671875 0.41943359375 0.123046875 0.0732421875
0 0.9404296875 0.82763671875 0.0703125 0.0693359375
0 0.0615234375 0.0439453125 0.078125 0.087890625
0 0.16552734375 0.27197265625 0.1025390625 0.0654296875
0 0.017578125 0.95556640625 0.03515625 0.0634765625
0 0.8984375 0.98291015625 0.0546875 0.0302734375
0 0.9345703125 0.2041015625 0.068359375 0.0703125
0 0.728515625 0.81884765625 0.091796875 0.1787109375
0 0.4130859375 0.11962890625 0.06640625 0.1416015625
0 0.6435546875 0.2783203125 0.12109375 0.1015625
0 0.41455078125 0.79736328125 0.0673828125 0.0478515625
0 0.43994140625 0.72509765625 0.0849609375 0.1005859375
0 0.8046875 0.46923828125 0.091796875 0.0751953125
