0 0.2275390625 0.208984375 0.150390625 0.107421875
0 0.60400390625 0.09619140625 0.0908203125 0.1923828125
0 0.2529296875 0.3447265625 0.09375 0.123046875
0 0.80419921875 0.46337890625 0.0888671875 0.1279296875
0 0.94384765625 0.0263671875 0.1103515625 0.052734375
0 0.68994140625 0.7802734375 0.1474609375 0.197265625
0 0.98193359375 0.41455078125 0.0361328125 0.1591796875
0 0.025390625 0.58544921875 0.05078125 0.2587890625
0 0.16259765625 0.95458984375 0.0849609375 0.0830078125
0 0.2978515625 0.9306640625 0.091796875 0.13671875
0 0.79833984375 0.42724609375 0.2236328125 0.0927734375
0 0.7939453125 0.64208984375 0.111328125 0.0986328125
0 0.50146484375 0.14111328125 0.1806640625 0.1455078125
0 0.62841796875 0.69189453125 0.0654296875 0.1748046875
0 0.9453125 0.43359375 0.08203125 0.0546875
0 0.845703125 0.5380859375 0.078125 0.140625
0 0.24755859375 0.04052734375 0.0830078125 0.0810546875
0 0.0791015625 0.3720703125 0.15625 0.0625
