0 0.33349609375 0.70849609375 0.0869140625 0.0830078125
0 0.82763671875 0.755859375 0.1318359375 0.09765625
0 0.5419921875 0.3623046875 0.091796875 0.126953125
0 0.9697265625 0.2294921875 0.05859375 0.1015625
0 0.2216796875 0.66455078125 0.103515625 0.1044921875
0 0.02197265625 0.22705078125 0.0439453125 0.1298828125
0 0.8212890625 0.08056640625 0.087890625 0.0810546875
0 0.1953125 0.29248046875 0.060546875 0.1162109375
0 0.1181640625 0.6171875 0.078125 0.072265625
0 0.87646484375 0.02490234375 0.0771484375 0.0498046875
0 0.0078125 0.98046875 0.015625 0.03515625
0 0.54638671875 0.548828125 0.1123046875 0.11328125
0 0.0283203125 0.0849609375 0.056640625 0.09375
0 0.26904296875 0.72412109375 0.0732421875 0.0791015625
0 0.11669921875 0.31201171875 0.1123046875 0.1201171875
0 0.806640625 0.28076171875 0.1796875 0.0986328125
0 0.17822265625 0.20068359375 0.0888671875 0.0654296875
0 0.5 0.80810546875 0.15625 0.1298828125
0 0.59375 0.48193359375 0.154296875 0.1318359375
0 0.48388671875 0.51025390625 0.0869140625 0.1142578125
0 0.78173828125 0.52197265625 0.1298828125 0.0927734375
0 0.22216796875 0.8818359375 0.1279296875 0.181640625
0 0.65771484375 0.8251953125 0.1123046875 0.130859375
0 0.095703125 0.046875 0.09765625 0.087890625
0 0.03662109375 0.830078125 0.0732421875 0.11328125
0 0.60400390625 0.94677734375 0.1435546875 0.1005859375
0 0.49462890625 0.322265625 0.0791015625 0.13671875
0 0.27197265625 0.1982421875 0.0888671875 0.080078125
0 0.12255859375 0.52294921875 0.0908203125 0.0791015625
