0 0.91845703125 0.05615234375 0.1611328125 0.1064453125
0 0.9521484375 0.90283203125 0.09375 0.0537109375
0 0.8544921875 0.61767578125 0.083984375 0.0791015625
0 0.96337890625 0.58642578125 0.0712890625 0.1103515625
0 0.25 0.9560546875 0.134765625 0.0859375
0 0.2275390625 0.05810546875 0.15234375 0.0869140625
0 0.19677734375 0.7734375 0.1416015625 0.177734375
0 0.32470703125 0.5849609375 0.0556640625 0.076171875
0 0.67822265625 0.50634765625 0.0986328125 0.0673828125
0 0.08935546875 0.3212890625 0.0771484375 0.0703125
0 0.06103515625 0.51708984375 0.0791015625 0.1083984375
0 0.5869140625 0.7470703125 0.12109375 0.080078125
0 0.40185546875 0.451171875 0.1064453125 0.1796875
0 0.947265625 0.1865234375 0.103515625 0.115234375
0 0.09130859375 0.67431640625 0.0888671875 0.1005859375
0 0.72998046875 0.5869140625 0.1435546875 0.072265625
0 0.40771484375 0.30615234375 0.1455078125 0.0927734375
0 0.51220703125 0.14306640625 0.0927734375 0.0849609375
0 0.15576171875 0.1962890625 0.1103515625 0.158203125
0 0.57763671875 0.62158203125 0.0771484375 0.1201171875
0 0.06640625 0.4345703125 0.111328125 0.123046875
0 0.23779296875 0.33935546875 0.1884765625 0.0947265625
0 0.822265625 0.49169921875 0.119140625 0.1220703125
0 0.86279296875 0.94677734375 0.1064453125 0.1005859375
0 0.42431640625 0.896484375 0.1376953125 0.099609375
