0 0.9248046875 0.63818359375 0.1484375 0.1513671875
0 0.40380859375 0.28515625 0.1611328125 0.11328125
0 0.14892578125 0.44873046875 0.0869140625 0.1279296875
0 0.658203125 0.310546875 0.103515625 0.111328125
0 0.72216796875 0.37841796875 0.1826171875 0.1220703125
0 0.8955078125 0.28955078125 0.150390625 0.1240234375
0 0.09716796875 0.08447265625 0.0830078125 0.1318359375
0 0.5869140625 0.3720703125 0.1015625 0.146484375
0 0.95458984375 0.34326171875 0.0888671875 0.0712890625
0 0.78173828125 0.60498046875 0.0615234375 0.1103515625
0 0.90966796875 0.9755859375 0.1787109375 0.046875
0 0.16748046875 0.60302734375 0.0810546875 0.0810546875
0 0.2607421875 0.658203125 0.087890625 0.12890625
0 0.21875 0.7744140625 0.154296875 0.130859375
0 0.72802734375 0.81982421875 0.1435546875 0.2255859375
0 0.80859375 0.91259765625 0.109375 0.1083984375
0 0.77783203125 0.0537109375 0.0908203125 0.103515625
0 0.5576171875 0.3115234375 0.0703125 0.078125
0 0.6572265625 0.0380859375 0.126953125 0.076171875
0 0.16357421875 0.51904296875 0.0869140625 0.0966796875
0 0.2626953125 0.34228515625 0.15234375 0.1552734375
0 0.03466796875 0.07080078125 0.0693359375 0.1298828125
0 0.7314453125 0.97021484375 0.134765625 0.0576171875
0 0.34375 0.80908203125 0.1015625 0.1083984375
0 0.19677734375 0.2216796875 0.1044921875 0.203125
