0 0.826171875 0.9677734375 0.212890625 0.064453125
0 0.7548828125 0.05126953125 0.142578125 0.0830078125
0 0.13525390625 0.64013671875 0.1025390625 0.1005859375
0 0.478515625 0.44482421875 0.171875 0.0849609375
0 0.9345703125 0.85986328125 0.12890625 0.1005859375
0 0.1279296875 0.7998046875 0.14453125 0.10546875
0 0.03173828125 0.10546875 0.0615234375 0.16015625
0 0.919921875 0.4560546875 0.064453125 0.099609375
0 0.97119140625 0.0537109375 0.0556640625 0.107421875
0 0.345703125 0.4765625 0.21484375 0.08203125
0 0.24169921875 0.7626953125 0.1201171875 0.068359375
0 0.6201171875 0.66064453125 0.056640625 0.0693359375
0 0.0263671875 0.875 0.052734375 0.1328125
0 0.32275390625 0.77294921875 0.1005859375 0.0810546875
0 0.81982421875 0.3525390625 0.0732421875 0.146484375
0 0.78466796875 0.609375 0.1708984375 0.083984375
0 0.7900390625 0.49365234375 0.15234375 0.1083984375
0 0.1337890625 0.9521484375 0.095703125 0.091796875
0 0.0361328125 0.2734375 0.072265625 0.1328125
0 0.88720703125 0.41845703125 0.0615234375 0.1162109375
0 0.515625 0.19482421875 0.08203125 0.0517578125
0 0.837890625 0.0908203125 0.080078125 0.154296875
0 0.458984375 0.04443359375 0.10546875 0.0849609375
0 0.90673828125 0.54541015625 0.0810546875 0.0517578125
0 0.1064453125 0.51904296875 0.193359375 0.1083984375
0 0.66650390625 0.44091796875 0.2138671875 0.1083984375
0 0.703125 0.69775390625 0.138671875 0.0712890625
0 0.83203125 0.69140625 0.119140625 0.056640625
