0 0.4404296875 0.40625 0.08203125 0.072265625
0 0.88916015625 0.92724609375 0.0927734375 0.0927734375
0 0.80126953125 0.029296875 0.0927734375 0.056640625
0 0.85693359375 0.1826171875 0.0947265625 0.0859375
0 0.2392578125 0.310546875 0.15625 0.171875
0 0.68408203125 0.81494140625 0.1181640625 0.1728515625
0 0.97607421875 0.3544921875 0.0478515625 0.099609375
0 0.38916015625 0.5322265625 0.0947265625 0.130859375
0 0.74755859375 0.6025390625 0.1552734375 0.134765625
0 0.318359375 0.18505859375 0.08984375 0.0888671875
0 0.064453125 0.1318359375 0.12890625 0.115234375
0 0.46337890625 0.52978515625 0.1083984375 0.1611328125
0 0.34814453125 0.8310546875 0.1494140625 0.14453125
0 0.1083984375 0.75537109375 0.14453125 0.1044921875
0 0.10302734375 0.91796875 0.1787109375 0.08984375
0 0.9755859375 0.0849609375 0.048828125 0.103515625
0 0.0966796875 0.56494140625 0.09375 0.1357421875
0 0.5771484375 0.0791015625 0.099609375 0.083984375
0 0.83935546875 0.83447265625 0.0888671875 0.0849609375
0 0.7373046875 0.16943359375 0.1171875 0.0947265625
0 0.56396484375 0.720703125 0.0810546875 0.103515625
0 0.48486328125 0.59033203125 0.1064453125 0.0771484375
0 0.17724609375 0.80029296875 0.2529296875 0.1298828125
0 0.55078125 0.39501953125 0.052734375 0.0751953125
0 0.05712890625 0.64404296875 0.0791015625 0.0654296875
