0 0.90283203125 0.96142578125 0.1923828125 0.0751953125
0 0.94091796875 0.03369140625 0.1142578125 0.0673828125
0 0.27197265625 0.42138671875 0.1279296875 0.0712890625
0 0.3642578125 0.74267578125 0.115234375 0.0869140625
0 0.6806640625 0.7060546875 0.25 0.15234375
0 0.65283203125 0.85498046875 0.1220703125 0.1494140625
0 0.31591796875 0.20166015625 0.1279296875 0.2548828125
0 0.904296875 0.841796875 0.1484375 0.125
0 0.365234375 0.47021484375 0.181640625 0.0771484375
0 0.32763671875 0.8984375 0.1162109375 0.158203125
0 0.68798828125 0.35302734375 0.1142578125 0.0986328125
0 0.31787109375 0.6015625 0.1533203125 0.080078125
0 0.69677734375 0.8818359375 0.2587890625 0.08203125
0 0.95458984375 0.2958984375 0.0888671875 0.185546875
0 0.025390625 0.20361328125 0.05078125 0.1259765625
0 0.55126953125 0.6298828125 0.2138671875 0.091796875
0 0.48193359375 0.95068359375 0.0947265625 0.0947265625
0 0.9052734375 0.7998046875 0.126953125 0.115234375
0 0.5185546875 0.89697265625 0.080078125 0.1298828125
0 0.978515625 0.51513671875 0.041015625 0.1826171875
0 0.5830078125 0.4990234375 0.095703125 0.150390625
0 0.11669921875 0.08056640625 0.1357421875 0.1201171875
0 0.13916015625 0.9228515625 0.1083984375 0.1328125
0 0.10205078125 0.69775390625 0.1806640625 0.1123046875
0 0.25439453125 0.74951171875 0.0966796875 0.1865234375
0 0.25927734375 0.9345703125 0.1611328125 0.06640625
0 0.90625 0.46630859375 0.123046875 0.0751953125
