0 0.0478515625 0.23193359375 0.095703125 0.1826171875
0 0.14501953125 0.087890625 0.0986328125 0.125
0 0.9130859375 0.8369140625 0.08984375 0.08203125
0 0.49072265625 0.0185546875 0.1669921875 0.037109375
0 0.70849609375 0.08251953125 0.1650390625 0.1494140625
0 0.13525390625 0.42822265625 0.1728515625 0.1513671875
0 0.05517578125 0.607421875 0.1103515625 0.126953125
0 0.611328125 0.3642578125 0.150390625 0.111328125
0 0.041015625 0.4638671875 0.080078125 0.09375
0 0.8369140625 0.08642578125 0.12109375 0.1728515625
0 0.25830078125 0.23583984375 0.1884765625 0.1181640625
0 0.708984375 0.830078125 0.158203125 0.177734375
0 0.45556640625 0.24169921875 0.1220703125 0.1240234375
0 0.64501953125 0.73828125 0.1337890625 0.140625
0 0.89599609375 0.9306640625 0.0771484375 0.134765625
0 0.63427734375 0.2509765625 0.2001953125 0.14453125
0 0.2099609375 0.5537109375 0.1875 0.072265625
0 0.1669921875 0.861328125 0.078125 0.09375
0 0.439453125 0.4453125 0.08984375 0.099609375
0 0.3310546875 0.56982421875 0.095703125 0.1064453125
0 0.47119140625 0.96875 0.1103515625 0.056640625
