0 0.82080078125 0.35400390625 0.1591796875 0.1044921875
0 0.150390625 0.24169921875 0.162109375 0.1533203125
0 0.37744140625 0.75537109375 0.1142578125 0.1513671875
0 0.16064453125 0.4794921875 0.0966796875 0.099609375
0 0.46435546875 0.1943359375 0.0927734375 0.109375
0 0.59375 0.193359375 0.111328125 0.126953125
0 0.41162109375 0.11669921875 0.0947265625 0.1494140625
0 0.93994140625 0.5166015625 0.1181640625 0.126953125
0 0.85009765625 0.20654296875 0.0810546875 0.0771484375
0 0.48876953125 0.40576171875 0.0986328125 0.0908203125
0 0.78369140625 0.03466796875 0.0810546875 0.0693359375
0 0.95751953125 0.15673828125 0.0830078125 0.0654296875
0 0.04150390625 0.52001953125 0.0693359375 0.1376953125
0 0.81787109375 0.2861328125 0.1162109375 0.0703125
0 0.95654296875 0.830078125 0.0830078125 0.052734375
0 0.09716796875 0.36181640625 0.0947265625 0.1103515625
0 0.85986328125 0.78173828125 0.0791015625 0.1064453125
0 0.14599609375 0.87451171875 0.1123046875 0.1025390625
0 0.55029296875 0.5712890625 0.0810546875 0.0703125
0 0.9658203125 0.3330078125 0.05859375 0.12109375
0 0.638671875 0.9150390625 0.083984375 0.06640625
0 0.5537109375 0.30126953125 0.091796875 0.0830078125
0 0.833984375 0.556640625 0.087890625 0.119140625
0 0.20361328125 0.96435546875 0.1416015625 0.0693359375
0 0.9521484375 0.19921875 0.09375 0.138671875
0 0.498046875 0.46533203125 0.119140625 0.0615234375
0 0.1982421875 0.41015625 0.09765625 0.09375
0 0.8837890625 0.0419921875 0.09765625 0.08203125
0 0.0595703125 0.18359375 0.08984375 0.197265625
0 0.32861328125 0.79931640625 0.1416015625 0.2216796875
0 0.9306640625 0.75146484375 0.13671875 0.0771484375
0 0.12841796875 0.7578125 0.1220703125 0.09375
0 0.72900390625 0.07373046875 0.1162109375 0.1337890625
0 0.4521484375 0.8291015625 0.078125 0.1015625
0 0.54248046875 0.95849609375 0.0693359375 0.0771484375
0 0.2734375 0.7607421875 0.134765625 0.0859375
0 0.333984375 0.14794921875 0.06640625 0.1083984375
0 0.4765625 0.28369140625 0.060546875 0.0693359375
0 0.92333984375 0.68115234375 0.1513671875 0.0927734375
0 0.384765625 0.92724609375 0.10546875 0.0830078125
0 0.9052734375 0.8310546875 0.0703125 0.08984375
0 0.59228515625 0.6240234375 0.0732421875 0.072265625
0 0.01806640625 0.966796875 0.0361328125 0.064453125
