0 0.673828125 0.08544921875 0.0859375 0.0771484375
0 0.966796875 0.2255859375 0.064453125 0.115234375
0 0.365234375 0.40380859375 0.130859375 0.1044921875
0 0.748046875 0.4873046875 0.111328125 0.1171875
0 0.6318359375 0.533203125 0.09765625 0.103515625
0 0.83642578125 0.76220703125 0.1025390625 0.1064453125
0 0.83447265625 0.85107421875 0.2060546875 0.0908203125
0 0.4765625 0.88232421875 0.154296875 0.0947265625
0 0.93701171875 0.02001953125 0.0927734375 0.0380859375
0 0.33251953125 0.931640625 0.1044921875 0.095703125
0 0.15673828125 0.16455078125 0.0810546875 0.0654296875
0 0.93505859375 0.146484375 0.0927734375 0.080078125
0 0.126953125 0.029296875 0.119140625 0.05859375
0 0.583984375 0.74267578125 0.08984375 0.1044921875
0 0.45458984375 0.27587890625 0.1416015625 0.0908203125
0 0.0673828125 0.13037109375 0.134765625 0.1240234375
0 0.50927734375 0.76708984375 0.1083984375 0.1220703125
0 0.08740234375 0.94677734375 0.1708984375 0.1005859375
0 0.4443359375 0.0908203125 0.130859375 0.08984375
0 0.662109375 0.0224609375 0.103515625 0.04296875
0 0.26904296875 0.11279296875 0.0966796875 0.0732421875
0 0.58447265625 0.65087890625 0.0849609375 0.1005859375
0 0.1005859375 0.8310546875 0.150390625 0.138671875
0 0.77099609375 0.72021484375 0.0986328125 0.0927734375
0 0.1748046875 0.22509765625 0.1171875 0.0849609375
0 0.134765625 0.615234375 0.134765625 0.107421875
0 0.830078125 0.2587890625 0.158203125 0.095703125
0 0.3603515625 0.58349609375 0.123046875 0.1025390625
0 0.47802734375 0.51806640625 0.0791015625 0.0927734375
0 0.86279296875 0.111328125 0.0947265625 0.1328125
0 0.8857421875 0.80419921875 0.08984375 0.0830078125
