0 0.2529296875 0.83984375 0.140625 0.080078125
0 0.55712890625 0.66748046875 0.1611328125 0.1142578125
0 0.19482421875 0.56787109375 0.1337890625 0.1748046875
0 0.30712890625 0.04248046875 0.0927734375 0.0830078125
0 0.31103515625 0.61865234375 0.1162109375 0.1669921875
0 0.345703125 0.892578125 0.130859375 0.09765625
0 0.5341796875 0.9404296875 0.0625 0.10546875
0 0.326171875 0.40771484375 0.10546875 0.1181640625
0 0.95751953125 0.28759765625 0.0810546875 0.0537109375
0 0.23095703125 0.13037109375 0.0986328125 0.0673828125
0 0.72509765625 0.06103515625 0.1220703125 0.1142578125
0 0.5400390625 0.169921875 0.103515625 0.119140625
0 0.2060546875 0.38037109375 0.1484375 0.2314453125
0 0.94189453125 0.2490234375 0.1123046875 0.076171875
0 0.708984375 0.15283203125 0.107421875 0.1318359375
0 0.31591796875 0.17626953125 0.0537109375 0.0771484375
0 0.92919921875 0.14794921875 0.1396484375 0.1142578125
0 0.05419921875 0.39306640625 0.0732421875 0.0908203125
0 0.05615234375 0.5244140625 0.1123046875 0.080078125
0 0.96484375 0.76123046875 0.068359375 0.0966796875
0 0.79345703125 0.92333984375 0.0849609375 0.0732421875
0 0.83544921875 0.939453125 0.0986328125 0.115234375
0 0.7041015625 0.9482421875 0.12109375 0.09765625
