0 0.3798828125 0.39697265625 0.138671875 0.2021484375
0 0.3955078125 0.60986328125 0.08203125 0.1435546875
0 0.16650390625 0.42919921875 0.1083984375 0.0595703125
0 0.5966796875 0.42919921875 0.201171875 0.1123046875
0 0.4130859375 0.181640625 0.091796875 0.078125
0 0.033203125 0.8017578125 0.06640625 0.146484375
0 0.9599609375 0.65576171875 0.078125 0.1083984375
0 0.26513671875 0.62109375 0.1279296875 0.107421875
0 0.419921875 0.74609375 0.10546875 0.064453125
0 0.54248046875 0.2890625 0.1220703125 0.06640625
0 0.7236328125 0.951171875 0.095703125 0.078125
0 0.0419921875 0.54443359375 0.083984375 0.1083984375
0 0.83251953125 0.048828125 0.0888671875 0.09765625
0 0.96044921875 0.31298828125 0.0771484375 0.0869140625
0 0.63134765625 0.8349609375 0.1083984375 0.080078125
0 0.78125 0.45068359375 0.078125 0.1083984375
0 0.533203125 0.85888671875 0.138671875 0.0869140625
0 0.97412109375 0.92041015625 0.0498046875 0.1376953125
0 0.1787109375 0.55810546875 0.08203125 0.1083984375
0 0.04345703125 0.33251953125 0.0869140625 0.1494140625
0 0.68701171875 0.17431640625 0.1044921875 0.0927734375
0 0.0869140625 0.88232421875 0.083984375 0.0654296875
0 0.841796875 0.9052734375 0.08203125 0.107421875
0 0.0390625 0.421875 0.078125 0.095703125
