0 0.736328125 0.55078125 0.076171875 0.078125
0 0.12255859375 0.5849609375 0.0771484375 0.087890625
0 0.455078125 0.62548828125 0.0859375 0.0927734375
0 0.66796875 0.1171875 0.0703125 0.064453125
0 0.85400390625 0.56298828125 0.0771484375 0.0771484375
0 0.46875 0.1943359375 0.076171875 0.07421875
0 0.38916015625 0.66357421875 0.0732421875 0.0849609375
0 0.4375 0.5322265625 0.08203125 0.08203125
0 0.65576171875 0.5693359375 0.0771484375 0.083984375
0 0.98779296875 0.814453125 0.0224609375 0.142578125
0 0.14599609375 0.1953125 0.0712890625 0.064453125
0 0.595703125 0.86572265625 0.080078125 0.0869140625
0 0.3935546875 0.44189453125 0.072265625 0.2294921875
0 0.23388671875 0.84814453125 0.0771484375 0.0791015625
0 0.51611328125 0.04248046875 0.1005859375 0.0849609375
0 0.45849609375 0.9033203125 0.0810546875 0.076171875
0 0.22216796875 0.517578125 0.1005859375 0.115234375
0 0.9736328125 0.47265625 0.05078125 0.091796875
0 0.875 0.1396484375 0.119140625 0.0859375
0 0.30810546875 0.30517578125 0.0771484375 0.2724609375
0 0.7509765625 0.49658203125 0.072265625 0.0654296875
0 0.369140625 0.8583984375 0.111328125 0.08203125
0 0.0546875 0.642578125 0.109375 0.115234375
0 0.3857421875 0.951171875 0.083984375 0.087890625
0 0.54052734375 0.71044921875 0.0654296875 0.0751953125
0 0.63134765625 0.447265625 0.0810546875 0.09765625
0 0.42919921875 0.40185546875 0.1005859375 0.0986328125
0 0.23046875 0.56005859375 0.080078125 0.0712890625
0 0.61474609375 0.1962890625 0.0810546875 0.087890625
0 0.0712890625 0.08447265625 0.087890625 0.0869140625
0 0.1826171875 0.9736328125 0.08984375 0.05078125
0 0.0849609375 0.93310546875 0.07421875 0.1025390625
0 0.03515625 0.36083984375 0.0703125 0.0966796875
0 0.94775390625 0.115234375 0.0771484375 0.087890625
0 0.841796875 0.4765625 0.07421875 0.0625
0 0.63134765625 0.71044921875 0.0732421875 0.1376953125
