0 0.70361328125 0.984375 0.0693359375 0.029296875
0 0.5205078125 0.04052734375 0.068359375 0.0791015625
0 0.5908203125 0.26708984375 0.138671875 0.1376953125
0 0.06103515625 0.912109375 0.1220703125 0.06640625
0 0.888671875 0.23291015625 0.1640625 0.0908203125
0 0.3154296875 0.85302734375 0.06640625 0.1025390625
0 0.96337890625 0.34130859375 0.0712890625 0.1240234375
0 0.498046875 0.73828125 0.05078125 0.037109375
0 0.97265625 0.57568359375 0.052734375 0.1142578125
0 0.1484375 0.09033203125 0.0859375 0.1787109375
0 0.68212890625 0.73388671875 0.0908203125 0.1123046875
0 0.60205078125 0.73828125 0.1455078125 0.08984375
0 0.103515625 0.74267578125 0.13671875 0.1787109375
0 0.5478515625 0.91845703125 0.0703125 0.1162109375
0 0.67041015625 0.892578125 0.0673828125 0.138671875
0 0.255859375 0.19091796875 0.099609375 0.1435546875
0 0.6357421875 0.14013671875 0.09375 0.1357421875
0 0.537109375 0.43115234375 0.08203125 0.1064453125
0 0.91845703125 0.74365234375 0.1181640625 0.0810546875
0 0.09326171875 0.4521484375 0.0693359375 0.14453125
0 0.02880859375 0.28515625 0.0576171875 0.0703125
0 0.4912109375 0.41796875 0.087890625 0.18359375
0 0.208984375 0.09423828125 0.140625 0.1279296875
0 0.77099609375 0.83154296875 0.1201171875 0.0732421875
0 0.84033203125 0.64990234375 0.0947265625 0.0927734375
0 0.1865234375 0.98046875 0.1953125 0.037109375
0 0.2470703125 0.1259765625 0.15625 0.130859375
0 0.041015625 0.92626953125 0.08203125 0.1416015625
0 0.34130859375 0.97412109375 0.0830078125 0.0498046875
0 0.17431640625 0.826171875 0.0947265625 0.083984375
0 0.70654296875 0.06201171875 0.0771484375 0.1220703125
0 0.359375 0.48779296875 0.08203125 0.1083984375
0 0.8271484375 0.74951171875 0.087890625 0.0654296875
