0 0.72216796875 0.1962890625 0.0732421875 0.158203125
0 0.23046875 0.5224609375 0.115234375 0.103515625
0 0.89306640625 0.9345703125 0.1103515625 0.12890625
0 0.255859375 0.3359375 0.09765625 0.1875
0 0.07763671875 0.31591796875 0.1552734375 0.1396484375
0 0.97705078125 0.13720703125 0.0419921875 0.1552734375
0 0.41259765625 0.35498046875 0.0986328125 0.1005859375
0 0.17431640625 0.75146484375 0.1181640625 0.0986328125
0 0.044921875 0.73681640625 0.08984375 0.1025390625
0 0.6455078125 0.02587890625 0.076171875 0.0478515625
0 0.38330078125 0.5029296875 0.1103515625 0.138671875
0 0.57470703125 0.36279296875 0.0888671875 0.0869140625
0 0.970703125 0.6767578125 0.056640625 0.08984375
0 0.67236328125 0.275390625 0.1123046875 0.16796875
0 0.29736328125 0.7109375 0.0908203125 0.09765625
0 0.1064453125 0.06005859375 0.158203125 0.1162109375
0 0.5615234375 0.50927734375 0.109375 0.1123046875
0 0.34130859375 0.6337890625 0.0830078125 0.08984375
0 0.8466796875 0.234375 0.12890625 0.134765625
0 0.59423828125 0.16064453125 0.0751953125 0.0869140625
0 0.7470703125 0.92529296875 0.1015625 0.1396484375
0 0.8115234375 0.31787109375 0.162109375 0.1103515625
0 0.07421875 0.20703125 0.1484375 0.072265625
0 0.3603515625 0.10693359375 0.1015625 0.1083984375
0 0.09326171875 0.77294921875 0.0927734375 0.0791015625
0 0.38232421875 0.04052734375 0.1337890625 0.0791015625
