0 0.1962890625 0.962890625 0.083984375 0.068359375
0 0.56201171875 0.29296875 0.0869140625 0.0703125
0 0.13623046875 0.32470703125 0.1220703125 0.1025390625
0 0.4716796875 0.06591796875 0.123046875 0.1318359375
0 0.79052734375 0.8447265625 0.1455078125 0.138671875
0 0.54052734375 0.20849609375 0.1298828125 0.0908203125
0 0.30615234375 0.5849609375 0.1025390625 0.076171875
0 0.54345703125 0.0556640625 0.0888671875 0.111328125
0 0.67138671875 0.029296875 0.0869140625 0.05859375
0 0.048828125 0.859375 0.09765625 0.07421875
0 0.87353515625 0.3203125 0.0966796875 0.0703125
0 0.03173828125 0.162109375 0.0634765625 0.068359375
0 0.8037109375 0.64990234375 0.099609375 0.1787109375
0 0.375 0.84228515625 0.111328125 0.0830078125
0 0.5693359375 0.40966796875 0.20703125 0.1708984375
0 0.0947265625 0.89404296875 0.072265625 0.0732421875
0 0.89794921875 0.81787109375 0.0966796875 0.0791015625
0 0.755859375 0.52490234375 0.126953125 0.1181640625
0 0.10986328125 0.9736328125 0.0771484375 0.05078125
0 0.20751953125 0.72216796875 0.0712890625 0.0732421875
0 0.12451171875 0.833984375 0.1064453125 0.09765625
