0 0.3154296875 0.796875 0.087890625 0.158203125
0 0.94140625 0.9501953125 0.115234375 0.09765625
0 0.39111328125 0.9228515625 0.1494140625 0.078125
0 0.0693359375 0.72607421875 0.138671875 0.1279296875
0 0.72607421875 0.2685546875 0.0966796875 0.125
0 0.27392578125 0.03515625 0.1455078125 0.0703125
0 0.63330078125 0.98291015625 0.1103515625 0.0302734375
0 0.17333984375 0.98193359375 0.0927734375 0.0341796875
0 0.97412109375 0.29833984375 0.0498046875 0.1025390625
0 0.34375 0.11181640625 0.078125 0.1474609375
0 0.54248046875 0.07666015625 0.1787109375 0.1533203125
0 0.443359375 0.71142578125 0.087890625 0.2216796875
0 0.0478515625 0.03515625 0.083984375 0.06640625
0 0.81982421875 0.30859375 0.0927734375 0.1171875
0 0.01220703125 0.4306640625 0.0244140625 0.03515625
0 0.705078125 0.447265625 0.130859375 0.185546875
0 0.84130859375 0.20654296875 0.1923828125 0.0947265625
0 0.90283203125 0.08837890625 0.1923828125 0.1728515625
0 0.408203125 0.966796875 0.158203125 0.0625
0 0.95556640625 0.71484375 0.0888671875 0.08984375
0 0.54931640625 0.9716796875 0.1357421875 0.052734375
0 0.15234375 0.02685546875 0.07421875 0.0498046875
0 0.50048828125 0.78759765625 0.0771484375 0.1396484375
0 0.056640625 0.87158203125 0.095703125 0.2197265625
0 0.39892578125 0.8115234375 0.1552734375 0.09375
0 0.41796875 0.11962890625 0.1484375 0.2392578125
