0 0.1259765625 0.66748046875 0.07421875 0.0673828125
0 0.3857421875 0.61962890625 0.05859375 0.0615234375
0 0.09619140625 0.62060546875 0.1162109375 0.0830078125
0 0.8515625 0.18359375 0.09375 0.068359375
0 0.8583984375 0.298828125 0.123046875 0.08984375
0 0.796875 0.90966796875 0.056640625 0.0615234375
0 0.38671875 0.70068359375 0.076171875 0.0966796875
0 0.66015625 0.736328125 0.080078125 0.064453125
0 0.68505859375 0.65576171875 0.0830078125 0.0654296875
0 0.845703125 0.62255859375 0.0625 0.0673828125
0 0.1787109375 0.08154296875 0.072265625 0.0712890625
0 0.240234375 0.40625 0.0859375 0.083984375
0 0.47900390625 0.763671875 0.1416015625 0.080078125
0 0.06396484375 0.95556640625 0.0908203125 0.0869140625
0 0.74609375 0.2802734375 0.083984375 0.064453125
0 0.28466796875 0.65087890625 0.0908203125 0.0908203125
0 0.20654296875 0.0302734375 0.0830078125 0.05859375
0 0.16845703125 0.974609375 0.0771484375 0.046875
0 0.7138671875 0.4599609375 0.0625 0.0546875
0 0.36669921875 0.54833984375 0.0673828125 0.1044921875
0 0.51513671875 0.4443359375 0.0693359375 0.064453125
0 0.7978515625 0.01904296875 0.068359375 0.0380859375
0 0.77197265625 0.09814453125 0.0791015625 0.0966796875
0 0.0810546875 0.384765625 0.09375 0.08203125
0 0.5087890625 0.09033203125 0.0859375 0.0849609375
0 0.7197265625 0.34326171875 0.1484375 0.1162109375
0 0.37890625 0.02587890625 0.07421875 0.0517578125
0 0.50830078125 0.9775390625 0.0791015625 0.037109375
0 0.5595703125 0.6103515625 0.11328125 0.103515625
0 0.85693359375 0.6728515625 0.0751953125 0.064453125
0 0.70361328125 0.1591796875 0.0810546875 0.140625
0 0.4267578125 0.3193359375 0.078125 0.07421875
0 0.86083984375 0.4111328125 0.1123046875 0.0859375
