0 0.07421875 0.24169921875 0.1484375 0.1298828125
0 0.97265625 0.869140625 0.052734375 0.125
0 0.318359375 0.20166015625 0.109375 0.1220703125
0 0.625 0.1611328125 0.095703125 0.193359375
0 0.30615234375 0.759765625 0.0791015625 0.138671875
0 0.4443359375 0.1474609375 0.123046875 0.068359375
0 0.4365234375 0.84912109375 0.107421875 0.1025390625
0 0.162109375 0.0244140625 0.091796875 0.046875
0 0.02734375 0.60205078125 0.0546875 0.0849609375
0 0.7314453125 0.6337890625 0.09765625 0.07421875
0 0.71826171875 0.88330078125 0.0927734375 0.0849609375
0 0.08544921875 0.32763671875 0.1591796875 0.0986328125
0 0.51953125 0.62744140625 0.107421875 0.0654296875
0 0.5244140625 0.91748046875 0.056640625 0.1103515625
0 0.87548828125 0.10302734375 0.0673828125 0.1650390625
0 0.126953125 0.58203125 0.125 0.169921875
0 0.40673828125 0.96923828125 0.0947265625 0.0556640625
0 0.96435546875 0.095703125 0.0712890625 0.123046875
0 0.33154296875 0.33544921875 0.1064453125 0.0947265625
0 0.26513671875 0.0302734375 0.0654296875 0.060546875
0 0.8525390625 0.609375 0.103515625 0.072265625
0 0.9501953125 0.60693359375 0.076171875 0.0673828125
0 0.95751953125 0.96533203125 0.0830078125 0.0654296875
0 0.703125 0.4736328125 0.1171875 0.0859375
0 0.27490234375 0.59423828125 0.0947265625 0.1025390625
0 0.94677734375 0.05078125 0.0888671875 0.09765625
0 0.34326171875 0.8486328125 0.0576171875 0.060546875
0 0.904296875 0.380859375 0.1328125 0.140625
0 0.80908203125 0.05078125 0.0908203125 0.1015625
0 0.06396484375 0.5234375 0.1279296875 0.087890625
