0 0.3349609375 0.73779296875 0.107421875 0.0986328125
0 0.912109375 0.96044921875 0.095703125 0.0751953125
0 0.03173828125 0.404296875 0.0634765625 0.09765625
0 0.85693359375 0.21728515625 0.0966796875 0.0791015625
0 0.0400390625 0.0341796875 0.080078125 0.064453125
0 0.2109375 0.3349609375 0.1171875 0.2421875
0 0.2041015625 0.056640625 0.119140625 0.11328125
0 0.43798828125 0.86279296875 0.0830078125 0.1826171875
0 0.39404296875 0.525390625 0.1005859375 0.095703125
0 0.2001953125 0.7646484375 0.171875 0.0859375
0 0.142578125 0.88330078125 0.13671875 0.0712890625
0 0.0625 0.501953125 0.123046875 0.115234375
0 0.06982421875 0.82373046875 0.1396484375 0.0869140625
0 0.68603515625 0.484375 0.2177734375 0.123046875
0 0.9130859375 0.111328125 0.06640625 0.06640625
0 0.75341796875 0.037109375 0.0888671875 0.0703125
0 0.8271484375 0.8583984375 0.1015625 0.08203125
0 0.29443359375 0.90478515625 0.1337890625 0.0927734375
0 0.31005859375 0.42041015625 0.0712890625 0.0712890625
0 0.904296875 0.38427734375 0.1015625 0.1005859375
0 0.97509765625 0.822265625 0.0478515625 0.146484375
0 0.337890625 0.04052734375 0.123046875 0.0791015625
0 0.54248046875 0.08203125 0.1826171875 0.095703125
