0 0.4052734375 0.884765625 0.11328125 0.068359375
0 0.072265625 0.12451171875 0.0859375 0.1181640625
0 0.1923828125 0.3251953125 0.078125 0.05859375
0 0.16748046875 0.22705078125 0.1572265625 0.0595703125
0 0.1494140625 0.73486328125 0.072265625 0.0771484375
0 0.5947265625 0.9443359375 0.109375 0.103515625
0 0.95849609375 0.5556640625 0.0791015625 0.07421875
0 0.904296875 0.60302734375 0.0859375 0.0693359375
0 0.0380859375 0.05859375 0.076171875 0.08203125
0 0.6494140625 0.224609375 0.0703125 0.134765625
0 0.04736328125 0.275390625 0.0947265625 0.0859375
0 0.92822265625 0.7900390625 0.1025390625 0.064453125
0 0.90283203125 0.02734375 0.0810546875 0.0546875
0 0.97265625 0.966796875 0.05078125 0.0625
0 0.92724609375 0.181640625 0.0810546875 0.076171875
0 0.54052734375 0.2158203125 0.1279296875 0.107421875
0 0.85595703125 0.6689453125 0.0576171875 0.076171875
0 0.49169921875 0.36669921875 0.1376953125 0.0810546875
0 0.7451171875 0.1787109375 0.10546875 0.109375
0 0.70458984375 0.46826171875 0.1435546875 0.1005859375
0 0.96923828125 0.46142578125 0.0595703125 0.0751953125
0 0.3232421875 0.2998046875 0.091796875 0.0859375
0 0.3623046875 0.541015625 0.080078125 0.1015625
0 0.3466796875 0.1640625 0.126953125 0.060546875
0 0.8916015625 0.966796875 0.11328125 0.060546875
0 0.2900390625 0.8193359375 0.06640625 0.12890625
0 0.41455078125 0.54736328125 0.0537109375 0.0791015625
0 0.8310546875 0.95361328125 0.0703125 0.0634765625
0 0.4228515625 0.77294921875 0.095703125 0.0712890625
0 0.96337890625 0.81982421875 0.0693359375 0.0615234375
0 0.23095703125 0.755859375 0.1181640625 0.08203125
