0 0.38623046875 0.18505859375 0.0966796875 0.0673828125
0 0.15576171875 0.69921875 0.1142578125 0.091796875
0 0.94580078125 0.04052734375 0.1064453125 0.0771484375
0 0.40771484375 0.76513671875 0.0966796875 0.1142578125
0 0.7763671875 0.302734375 0.078125 0.095703125
0 0.8681640625 0.30224609375 0.083984375 0.1005859375
0 0.37158203125 0.064453125 0.0947265625 0.119140625
0 0.1279296875 0.2236328125 0.1328125 0.087890625
0 0.4306640625 0.451171875 0.142578125 0.091796875
0 0.0244140625 0.890625 0.048828125 0.099609375
0 0.20849609375 0.79345703125 0.1044921875 0.1259765625
0 0.8388671875 0.4873046875 0.11328125 0.09765625
0 0.59375 0.79150390625 0.130859375 0.0634765625
0 0.53173828125 0.0703125 0.0849609375 0.140625
0 0.86181640625 0.89697265625 0.1025390625 0.0849609375
0 0.34130859375 0.603515625 0.1025390625 0.08203125
0 0.43505859375 0.0458984375 0.0751953125 0.091796875
0 0.67626953125 0.26171875 0.1259765625 0.0703125
0 0.26953125 0.50830078125 0.1328125 0.1240234375
0 0.37109375 0.84912109375 0.091796875 0.0830078125
0 0.27685546875 0.68310546875 0.0771484375 0.1181640625
0 0.86376953125 0.03564453125 0.0888671875 0.0693359375
0 0.9375 0.2705078125 0.095703125 0.177734375
0 0.7138671875 0.42919921875 0.1484375 0.0771484375
