0 0.6923828125 0.60546875 0.09765625 0.123046875
0 0.9541015625 0.03173828125 0.08984375 0.0595703125
0 0.5966796875 0.646484375 0.087890625 0.109375
0 0.943359375 0.6103515625 0.111328125 0.22265625
0 0.08447265625 0.7587890625 0.0576171875 0.09375
0 0.45654296875 0.32421875 0.1865234375 0.14453125
0 0.447265625 0.1123046875 0.1484375 0.09765625
0 0.8759765625 0.17578125 0.1015625 0.125
0 0.0634765625 0.66845703125 0.126953125 0.1201171875
0 0.4970703125 0.853515625 0.083984375 0.21875
0 0.9755859375 0.78857421875 0.046875 0.0830078125
0 0.61328125 0.77587890625 0.1171875 0.2275390625
0 0.16552734375 0.02978515625 0.0986328125 0.0595703125
0 0.87451171875 0.56201171875 0.0927734375 0.1220703125
0 0.5830078125 0.078125 0.130859375 0.15625
0 0.8505859375 0.3154296875 0.099609375 0.09765625
0 0.6572265625 0.298828125 0.123046875 0.0859375
0 0.74658203125 0.02783203125 0.0947265625 0.0556640625
0 0.451171875 0.7978515625 0.091796875 0.171875
0 0.35546875 0.96044921875 0.14453125 0.0693359375
0 0.19091796875 0.08740234375 0.1923828125 0.1259765625
0 0.31689453125 0.384765625 0.1396484375 0.111328125
0 0.83154296875 0.8583984375 0.1162109375 0.140625
0 0.14697265625 0.3818359375 0.0634765625 0.046875
0 0.19189453125 0.724609375 0.0791015625 0.080078125
0 0.7861328125 0.53662109375 0.11328125 0.0908203125
0 0.23583984375 0.9189453125 0.0771484375 0.158203125
0 0.0263671875 0.07568359375 0.052734375 0.1513671875
0 0.17041015625 0.482421875 0.1123046875 0.15625
0 0.7607421875 0.96923828125 0.087890625 0.0615234375
