0 0.54296875 0.2431640625 0.166015625 0.07421875
0 0.0185546875 0.34130859375 0.037109375 0.2158203125
0 0.93017578125 0.720703125 0.0966796875 0.09375
0 0.70703125 0.17333984375 0.07421875 0.1787109375
0 0.03466796875 0.89892578125 0.0693359375 0.0947265625
0 0.1796875 0.931640625 0.185546875 0.095703125
0 0.31689453125 0.61328125 0.1279296875 0.09375
0 0.259765625 0.68701171875 0.14453125 0.0810546875
0 0.720703125 0.01953125 0.07421875 0.0390625
0 0.39794921875 0.02490234375 0.0908203125 0.0498046875
0 0.66943359375 0.3828125 0.0771484375 0.123046875
0 0.8349609375 0.751953125 0.166015625 0.115234375
0 0.06005859375 0.0625 0.1201171875 0.123046875
0 0.6298828125 0.14306640625 0.162109375 0.1572265625
0 0.4443359375 0.041015625 0.0546875 0.08203125
0 0.1923828125 0.9755859375 0.13671875 0.046875
0 0.2890625 0.380859375 0.103515625 0.212890625
0 0.11865234375 0.22900390625 0.0927734375 0.1650390625
0 0.58349609375 0.70947265625 0.2255859375 0.1337890625
0 0.6826171875 0.318359375 0.087890625 0.123046875
0 0.7978515625 0.08251953125 0.087890625 0.1650390625
0 0.1943359375 0.06982421875 0.10546875 0.1357421875
0 0.33154296875 0.56103515625 0.0673828125 0.0927734375
0 0.03857421875 0.548828125 0.0771484375 0.203125
0 0.96142578125 0.607421875 0.0751953125 0.166015625
0 0.54931640625 0.30517578125 0.1162109375 0.1279296875
0 0.14111328125 0.3671875 0.0849609375 0.193359375
0 0.22900390625 0.2080078125 0.1806640625 0.146484375
0 0.7578125 0.43115234375 0.1171875 0.0693359375
0 0.51171875 0.44384765625 0.0859375 0.2021484375
0 0.275390625 0.75 0.173828125 0.072265625
0 0.14794921875 0.546875 0.1318359375 0.228515625
0 0.84033203125 0.53125 0.0927734375 0.138671875
