0 0.15576171875 0.74169921875 0.0927734375 0.0849609375
0 0.208984375 0.9189453125 0.107421875 0.158203125
0 0.94287109375 0.56982421875 0.1123046875 0.0966796875
0 0.77392578125 0.12109375 0.0869140625 0.087890625
0 0.51220703125 0.97021484375 0.0791015625 0.0498046875
0 0.08203125 0.6611328125 0.1640625 0.091796875
0 0.48095703125 0.75390625 0.0966796875 0.10546875
0 0.30517578125 0.97314453125 0.1396484375 0.0498046875
0 0.4892578125 0.89697265625 0.130859375 0.1240234375
0 0.24365234375 0.65771484375 0.0888671875 0.1083984375
0 0.837890625 0.50390625 0.06640625 0.072265625
0 0.64892578125 0.0859375 0.0986328125 0.095703125
0 0.06884765625 0.55517578125 0.1220703125 0.0927734375
0 0.90966796875 0.453125 0.1181640625 0.11328125
0 0.6220703125 0.916015625 0.123046875 0.162109375
0 0.67626953125 0.255859375 0.1376953125 0.09375
0 0.84228515625 0.03955078125 0.1533203125 0.0771484375
0 0.388671875 0.16064453125 0.125 0.1162109375
0 0.033203125 0.7822265625 0.06640625 0.12890625
