0 0.62158203125 0.57177734375 0.1474609375 0.1416015625
0 0.369140625 0.62255859375 0.107421875 0.1259765625
0 0.34912109375 0.04296875 0.0791015625 0.0859375
0 0.4345703125 0.2060546875 0.123046875 0.11328125
0 0.40380859375 0.49072265625 0.1025390625 0.0673828125
0 0.12890625 0.97607421875 0.0703125 0.0478515625
0 0.14404296875 0.72802734375 0.1103515625 0.0673828125
0 0.23193359375 0.92041015625 0.0908203125 0.1083984375
0 0.208984375 0.79443359375 0.0703125 0.0751953125
0 0.9033203125 0.7734375 0.142578125 0.111328125
0 0.30078125 0.43212890625 0.08984375 0.0947265625
0 0.46630859375 0.37109375 0.1005859375 0.146484375
0 0.078125 0.78173828125 0.078125 0.0888671875
0 0.47802734375 0.61328125 0.1083984375 0.091796875
0 0.95068359375 0.93896484375 0.0947265625 0.1201171875
0 0.63671875 0.80908203125 0.087890625 0.0869140625
0 0.41650390625 0.88134765625 0.1513671875 0.0947265625
0 0.0498046875 0.09375 0.068359375 0.076171875
0 0.7353515625 0.82568359375 0.095703125 0.1142578125
0 0.8193359375 0.537109375 0.10546875 0.10546875
0 0.8125 0.8408203125 0.08203125 0.103515625
0 0.7607421875 0.96533203125 0.115234375 0.0693359375
0 0.82470703125 0.65283203125 0.1025390625 0.0830078125
0 0.44775390625 0.7578125 0.1025390625 0.103515625
0 0.02587890625 0.92529296875 0.0517578125 0.1103515625
