0 0.30712890625 0.1279296875 0.0791015625 0.078125
0 0.58984375 0.87451171875 0.1015625 0.1083984375
0 0.73681640625 0.6572265625 0.0849609375 0.0625
0 0.9423828125 0.3896484375 0.09765625 0.078125
0 0.19970703125 0.19921875 0.1298828125 0.072265625
0 0.1904296875 0.0615234375 0.115234375 0.123046875
0 0.54248046875 0.9326171875 0.0986328125 0.103515625
0 0.4619140625 0.2255859375 0.107421875 0.09375
0 0.208984375 0.11767578125 0.107421875 0.1396484375
0 0.36328125 0.6533203125 0.083984375 0.166015625
0 0.701171875 0.4853515625 0.07421875 0.1328125
0 0.5048828125 0.01904296875 0.158203125 0.0380859375
0 0.41015625 0.6083984375 0.119140625 0.126953125
0 0.83203125 0.240234375 0.078125 0.072265625
0 0.6904296875 0.94189453125 0.083984375 0.1103515625
0 0.6298828125 0.37890625 0.060546875 0.103515625
0 0.06787109375 0.119140625 0.1259765625 0.08984375
0 0.88427734375 0.896484375 0.0673828125 0.119140625
0 0.92724609375 0.13916015625 0.1064453125 0.1025390625
0 0.82861328125 0.84814453125 0.1298828125 0.1982421875
0 0.10107421875 0.86962890625 0.0869140625 0.0947265625
0 0.9677734375 0.076171875 0.0625 0.09375
0 0.04638671875 0.93359375 0.0927734375 0.1328125
0 0.0546875 0.2958984375 0.109375 0.091796875
0 0.17236328125 0.4736328125 0.0830078125 0.125
0 0.0712890625 0.19921875 0.13671875 0.125
0 0.88818359375 0.5966796875 0.1318359375 0.119140625
