0 0.23388671875 0.64453125 0.1142578125 0.1875
0 0.572265625 0.92724609375 0.16796875 0.0908203125
0 0.27685546875 0.359375 0.1455078125 0.09375
0 0.962890625 0.21630859375 0.072265625 0.1630859375
0 0.6396484375 0.763671875 0.158203125 0.099609375
0 0.87744140625 0.78466796875 0.2431640625 0.1884765625
0 0.17138671875 0.0419921875 0.1298828125 0.064453125
0 0.2802734375 0.8388671875 0.08203125 0.107421875
0 0.11572265625 0.33203125 0.1435546875 0.173828125
0 0.95947265625 0.61376953125 0.0791015625 0.1025390625
0 0.37548828125 0.908203125 0.0869140625 0.0625
0 0.189453125 0.55810546875 0.087890625 0.0791015625
0 0.8330078125 0.5517578125 0.107421875 0.1171875
0 0.353515625 0.3828125 0.181640625 0.068359375
0 0.1328125 0.7158203125 0.130859375 0.078125
0 0.48876953125 0.62744140625 0.1279296875 0.1708984375
0 0.0498046875 0.072265625 0.08984375 0.140625
0 0.0224609375 0.49072265625 0.044921875 0.0576171875
0 0.77392578125 0.779296875 0.0771484375 0.11328125
0 0.076171875 0.12841796875 0.095703125 0.2119140625
0 0.44775390625 0.931640625 0.0634765625 0.08203125
0 0.72802734375 0.07275390625 0.1005859375 0.0712890625
0 0.5556640625 0.42138671875 0.1171875 0.1943359375
0 0.35498046875 0.02099609375 0.1865234375 0.0400390625
0 0.6240234375 0.8349609375 0.177734375 0.076171875
0 0.14892578125 0.4248046875 0.0576171875 0.060546875
0 0.0849609375 0.7958984375 0.068359375 0.134765625
