0 0.0556640625 0.583984375 0.111328125 0.21875
0 0.5244140625 0.94189453125 0.1015625 0.1103515625
0 0.44873046875 0.1279296875 0.0791015625 0.130859375
0 0.96533203125 0.478515625 0.0673828125 0.080078125
0 0.20263671875 0.05712890625 0.1279296875 0.1083984375
0 0.9208984375 0.783203125 0.12109375 0.126953125
0 0.73876953125 0.95947265625 0.0751953125 0.0751953125
0 0.3369140625 0.1962890625 0.14453125 0.265625
0 0.74462890625 0.4833984375 0.1083984375 0.138671875
0 0.70263671875 0.06396484375 0.1240234375 0.1279296875
0 0.24169921875 0.86767578125 0.1044921875 0.1240234375
0 0.52880859375 0.74560546875 0.3017578125 0.2001953125
0 0.876953125 0.58544921875 0.107421875 0.1044921875
0 0.49462890625 0.5673828125 0.1083984375 0.095703125
0 0.04541015625 0.78955078125 0.0908203125 0.1787109375
0 0.2080078125 0.6923828125 0.150390625 0.15234375
0 0.8388671875 0.201171875 0.302734375 0.181640625
0 0.77490234375 0.90478515625 0.1103515625 0.1689453125
0 0.05615234375 0.10498046875 0.0986328125 0.0771484375
0 0.53955078125 0.41015625 0.2255859375 0.1640625
0 0.95166015625 0.900390625 0.0947265625 0.1953125
0 0.56005859375 0.119140625 0.0791015625 0.1015625
0 0.13916015625 0.23779296875 0.1298828125 0.1240234375
0 0.34228515625 0.93359375 0.2294921875 0.123046875
0 0.6044921875 0.5947265625 0.099609375 0.134765625
0 0.494140625 0.8994140625 0.083984375 0.10546875
0 0.75439453125 0.7177734375 0.0927734375 0.099609375
