0 0.384765625 0.958984375 0.107421875 0.080078125
0 0.94580078125 0.6669921875 0.0927734375 0.109375
0 0.31982421875 0.3154296875 0.0712890625 0.103515625
0 0.86181640625 0.5087890625 0.1005859375 0.07421875
0 0.64404296875 0.81494140625 0.0888671875 0.0947265625
0 0.0625 0.84033203125 0.06640625 0.0830078125
0 0.14013671875 0.93994140625 0.1083984375 0.1181640625
0 0.64794921875 0.89013671875 0.0673828125 0.0810546875
0 0.78271484375 0.06494140625 0.1240234375 0.1064453125
0 0.97119140625 0.876953125 0.0556640625 0.099609375
0 0.548828125 0.3251953125 0.126953125 0.158203125
0 0.39013671875 0.736328125 0.0830078125 0.123046875
0 0.74169921875 0.8212890625 0.1533203125 0.126953125
0 0.58447265625 0.716796875 0.1103515625 0.06640625
0 0.17724609375 0.6591796875 0.0791015625 0.140625
0 0.3955078125 0.33984375 0.05859375 0.076171875
0 0.02001953125 0.35009765625 0.0400390625 0.0751953125
0 0.3330078125 0.23681640625 0.099609375 0.0908203125
0 0.4912109375 0.84326171875 0.072265625 0.0869140625
0 0.125 0.13623046875 0.083984375 0.0751953125
0 0.7138671875 0.67919921875 0.087890625 0.1005859375
0 0.029296875 0.5908203125 0.05859375 0.12109375
0 0.4951171875 0.2529296875 0.095703125 0.08203125
0 0.94140625 0.4013671875 0.07421875 0.06640625
0 0.11865234375 0.37255859375 0.0595703125 0.0869140625
0 0.716796875 0.02685546875 0.09765625 0.0537109375
0 0.9501953125 0.02734375 0.0703125 0.052734375
0 0.0390625 0.80615234375 0.078125 0.1103515625
0 0.1669921875 0.09130859375 0.068359375 0.0634765625
