0 0.94287109375 0.48095703125 0.1123046875 0.0908203125
0 0.5478515625 0.07373046875 0.087890625 0.1337890625
0 0.35400390625 0.52294921875 0.0966796875 0.0751953125
0 0.15087890625 0.7802734375 0.0888671875 0.126953125
0 0.38427734375 0.41259765625 0.0986328125 0.0810546875
0 0.19921875 0.97265625 0.064453125 0.046875
0 0.77783203125 0.935546875 0.0810546875 0.109375
0 0.73193359375 0.55322265625 0.0791015625 0.1181640625
0 0.7353515625 0.4619140625 0.09375 0.087890625
0 0.02294921875 0.7158203125 0.0458984375 0.08984375
0 0.8271484375 0.9228515625 0.076171875 0.095703125
0 0.67333984375 0.919921875 0.1943359375 0.115234375
0 0.21826171875 0.73486328125 0.0947265625 0.0927734375
0 0.9453125 0.8779296875 0.09765625 0.111328125
0 0.8623046875 0.13720703125 0.072265625 0.0927734375
0 0.92822265625 0.20166015625 0.0869140625 0.1220703125
0 0.958984375 0.3349609375 0.05078125 0.078125
0 0.0498046875 0.0927734375 0.099609375 0.1171875
0 0.962890625 0.7294921875 0.072265625 0.123046875
0 0.23486328125 0.86767578125 0.0927734375 0.1279296875
0 0.82666015625 0.845703125 0.1103515625 0.080078125
0 0.96142578125 0.0205078125 0.0751953125 0.041015625
0 0.36865234375 0.26708984375 0.0947265625 0.1376953125
0 0.1435546875 0.02734375 0.05078125 0.0546875
0 0.16259765625 0.38330078125 0.1162109375 0.1416015625
0 0.14404296875 0.1845703125 0.1123046875 0.08984375
0 0.03369140625 0.4755859375 0.0673828125 0.076171875
0 0.28564453125 0.97314453125 0.0986328125 0.0478515625
0 0.404296875 0.80078125 0.111328125 0.2109375
