0 0.9072265625 0.533203125 0.11328125 0.095703125
0 0.58544921875 0.93798828125 0.1162109375 0.0908203125
0 0.1318359375 0.02978515625 0.09765625 0.0595703125
0 0.2353515625 0.13232421875 0.083984375 0.0927734375
0 0.42041015625 0.77294921875 0.0810546875 0.0966796875
0 0.33251953125 0.82763671875 0.1044921875 0.0908203125
0 0.7021484375 0.17138671875 0.138671875 0.0634765625
0 0.54638671875 0.65087890625 0.0908203125 0.0712890625
0 0.77734375 0.92431640625 0.125 0.1005859375
0 0.46044921875 0.025390625 0.0888671875 0.05078125
0 0.49658203125 0.81005859375 0.0732421875 0.0732421875
0 0.462890625 0.38623046875 0.14453125 0.1982421875
0 0.51171875 0.21435546875 0.095703125 0.0810546875
0 0.154296875 0.865234375 0.095703125 0.181640625
0 0.44873046875 0.90380859375 0.1005859375 0.0830078125
0 0.173828125 0.54541015625 0.11328125 0.0908203125
0 0.90185546875 0.89794921875 0.0791015625 0.0732421875
0 0.849609375 0.78759765625 0.0859375 0.0615234375
0 0.67431640625 0.396484375 0.0810546875 0.06640625
0 0.02783203125 0.64404296875 0.0556640625 0.1044921875
0 0.8876953125 0.0595703125 0.115234375 0.115234375
0 0.65771484375 0.48193359375 0.0712890625 0.1142578125
0 0.33056640625 0.95947265625 0.1416015625 0.0693359375
0 0.05908203125 0.78125 0.1123046875 0.1953125
