0 0.77099609375 0.63134765625 0.1123046875 0.1142578125
0 0.5458984375 0.83349609375 0.13671875 0.1005859375
0 0.13134765625 0.94091796875 0.1005859375 0.0849609375
0 0.8076171875 0.1630859375 0.05859375 0.1171875
0 0.919921875 0.6337890625 0.14453125 0.17578125
0 0.07958984375 0.4052734375 0.0595703125 0.064453125
0 0.5791015625 0.66455078125 0.05859375 0.0791015625
0 0.67431640625 0.31689453125 0.1435546875 0.1513671875
0 0.42041015625 0.44921875 0.1572265625 0.107421875
0 0.60986328125 0.1630859375 0.1357421875 0.111328125
0 0.47998046875 0.28466796875 0.0751953125 0.1728515625
0 0.5908203125 0.46630859375 0.08203125 0.0830078125
0 0.1240234375 0.57177734375 0.11328125 0.1298828125
0 0.97265625 0.10205078125 0.05078125 0.0908203125
0 0.2646484375 0.77392578125 0.091796875 0.2587890625
0 0.3046875 0.7138671875 0.111328125 0.0859375
0 0.25830078125 0.322265625 0.1806640625 0.099609375
0 0.61669921875 0.068359375 0.1025390625 0.10546875
0 0.11474609375 0.6474609375 0.1826171875 0.189453125
0 0.1259765625 0.31787109375 0.208984375 0.1396484375
