0 0.56103515625 0.90478515625 0.1240234375 0.1630859375
0 0.30517578125 0.44580078125 0.3115234375 0.1201171875
0 0.712890625 0.6435546875 0.138671875 0.2265625
0 0.31201171875 0.65576171875 0.1982421875 0.2353515625
0 0.27099609375 0.8671875 0.1865234375 0.099609375
0 0.4951171875 0.93359375 0.111328125 0.08984375
0 0.40087890625 0.80517578125 0.1083984375 0.1650390625
0 0.33740234375 0.869140625 0.0927734375 0.19140625
0 0.1962890625 0.64892578125 0.134765625 0.0732421875
0 0.49462890625 0.43798828125 0.1376953125 0.0986328125
0 0.396484375 0.076171875 0.142578125 0.150390625
0 0.57373046875 0.1171875 0.1396484375 0.234375
0 0.93359375 0.02392578125 0.12109375 0.0478515625
0 0.60498046875 0.3154296875 0.1884765625 0.109375
0 0.75146484375 0.06298828125 0.1142578125 0.1240234375
0 0.86669921875 0.08154296875 0.1123046875 0.1591796875
0 0.60498046875 0.73681640625 0.0517578125 0.1884765625
0 0.125 0.861328125 0.1171875 0.201171875
0 0.86767578125 0.259765625 0.1259765625 0.142578125
0 0.03271484375 0.4228515625 0.0654296875 0.13671875
0 0.845703125 0.14501953125 0.193359375 0.1298828125
0 0.06787109375 0.04248046875 0.1357421875 0.0849609375
0 0.28466796875 0.49658203125 0.2607421875 0.0986328125
0 0.10986328125 0.54833984375 0.1005859375 0.0947265625
