0 0.587890625 0.126953125 0.09765625 0.16796875
0 0.44287109375 0.369140625 0.1005859375 0.08984375
0 0.4091796875 0.5927734375 0.076171875 0.08203125
0 0.5048828125 0.03857421875 0.08984375 0.0712890625
0 0.48583984375 0.63916015625 0.0888671875 0.0576171875
0 0.39013671875 0.15380859375 0.1220703125 0.0927734375
0 0.70849609375 0.8642578125 0.0712890625 0.12890625
0 0.67529296875 0.19384765625 0.1025390625 0.0966796875
0 0.712890625 0.56787109375 0.080078125 0.0888671875
0 0.3203125 0.32421875 0.0703125 0.080078125
0 0.76025390625 0.150390625 0.0986328125 0.107421875
0 0.64794921875 0.04931640625 0.1025390625 0.0830078125
0 0.46533203125 0.8935546875 0.0732421875 0.060546875
0 0.8173828125 0.3623046875 0.09375 0.138671875
0 0.86083984375 0.94384765625 0.0615234375 0.0712890625
0 0.57861328125 0.599609375 0.0908203125 0.083984375
0 0.92724609375 0.1044921875 0.0888671875 0.09375
0 0.95947265625 0.35400390625 0.0791015625 0.1064453125
0 0.94287109375 0.95849609375 0.0673828125 0.0673828125
0 0.18212890625 0.255859375 0.0732421875 0.08984375
0 0.2109375 0.41552734375 0.14453125 0.0908203125
0 0.79150390625 0.90625 0.0927734375 0.12890625
0 0.32666015625 0.43212890625 0.0869140625 0.0712890625
0 0.76513671875 0.6875 0.1220703125 0.099609375
0 0.26220703125 0.5556640625 0.1083984375 0.109375
0 0.53369140625 0.5146484375 0.0908203125 0.076171875
0 0.72021484375 0.3642578125 0.0966796875 0.103515625
