0 0.2763671875 0.7001953125 0.080078125 0.1015625
0 0.66015625 0.0859375 0.087890625 0.14453125
0 0.95068359375 0.4365234375 0.0947265625 0.099609375
0 0.69775390625 0.1376953125 0.1220703125 0.2578125
0 0.58349609375 0.263671875 0.0791015625 0.140625
0 0.2919921875 0.5615234375 0.099609375 0.14453125
0 0.43505859375 0.4404296875 0.1259765625 0.087890625
0 0.7890625 0.55712890625 0.142578125 0.0771484375
0 0.3828125 0.388671875 0.0625 0.080078125
0 0.05419921875 0.427734375 0.1083984375 0.07421875
0 0.02490234375 0.83203125 0.0498046875 0.091796875
0 0.91015625 0.64013671875 0.17578125 0.0986328125
0 0.9462890625 0.21142578125 0.10546875 0.1298828125
0 0.78759765625 0.52294921875 0.0751953125 0.1435546875
0 0.06982421875 0.3427734375 0.1376953125 0.169921875
0 0.74462890625 0.06201171875 0.0810546875 0.1240234375
0 0.96142578125 0.05078125 0.0751953125 0.1015625
0 0.546875 0.21630859375 0.078125 0.0830078125
0 0.8583984375 0.37451171875 0.2734375 0.0947265625
0 0.6005859375 0.38037109375 0.111328125 0.1044921875
0 0.474609375 0.39306640625 0.14453125 0.0732421875
0 0.5458984375 0.0908203125 0.08203125 0.10546875
0 0.36474609375 0.63720703125 0.1298828125 0.1943359375
0 0.3740234375 0.94384765625 0.173828125 0.1103515625
0 0.60498046875 0.1455078125 0.1044921875 0.08984375
