0 0.51806640625 0.67822265625 0.1181640625 0.1123046875
0 0.79248046875 0.02783203125 0.0869140625 0.0556640625
0 0.9375 0.80029296875 0.095703125 0.1142578125
0 0.10693359375 0.052734375 0.1103515625 0.10546875
0 0.86767578125 0.68359375 0.1025390625 0.076171875
0 0.673828125 0.17919921875 0.080078125 0.0791015625
0 0.3427734375 0.0712890625 0.140625 0.087890625
0 0.78955078125 0.546875 0.0947265625 0.12109375
0 0.92529296875 0.97265625 0.1005859375 0.052734375
0 0.298828125 0.88720703125 0.259765625 0.1279296875
0 0.2177734375 0.888671875 0.125 0.07421875
0 0.974609375 0.16552734375 0.05078125 0.1123046875
0 0.0322265625 0.39404296875 0.064453125 0.1064453125
0 0.97021484375 0.46875 0.0595703125 0.08203125
0 0.75537109375 0.65478515625 0.1376953125 0.1064453125
0 0.9462890625 0.59033203125 0.103515625 0.1005859375
0 0.634765625 0.64501953125 0.146484375 0.0869140625
0 0.08447265625 0.83154296875 0.1064453125 0.0810546875
0 0.36572265625 0.3876953125 0.1201171875 0.126953125
0 0.60107421875 0.46435546875 0.0927734375 0.1416015625
0 0.27783203125 0.4443359375 0.0830078125 0.080078125
0 0.0224609375 0.2509765625 0.044921875 0.087890625
0 0.12353515625 0.7685546875 0.1357421875 0.140625
0 0.89013671875 0.388671875 0.1259765625 0.09765625
0 0.24169921875 0.4833984375 0.1337890625 0.119140625
