0 0.126953125 0.7529296875 0.08203125 0.072265625
0 0.22802734375 0.05078125 0.1064453125 0.09765625
0 0.6162109375 0.3017578125 0.078125 0.16796875
0 0.216796875 0.5390625 0.099609375 0.07421875
0 0.14404296875 0.6376953125 0.1376953125 0.08984375
0 0.05078125 0.44482421875 0.099609375 0.0927734375
0 0.4345703125 0.55859375 0.09375 0.064453125
0 0.84619140625 0.02587890625 0.0693359375 0.0517578125
0 0.0830078125 0.84765625 0.056640625 0.072265625
0 0.67138671875 0.552734375 0.0888671875 0.080078125
0 0.2685546875 0.67724609375 0.0703125 0.0869140625
0 0.2529296875 0.59814453125 0.083984375 0.0830078125
0 0.39599609375 0.4345703125 0.0849609375 0.08984375
0 0.1123046875 0.07470703125 0.11328125 0.1162109375
0 0.68896484375 0.04833984375 0.0595703125 0.0693359375
0 0.703125 0.154296875 0.099609375 0.076171875
0 0.62353515625 0.50146484375 0.1923828125 0.1220703125
0 0.76806640625 0.0546875 0.0947265625 0.10546875
0 0.4345703125 0.16259765625 0.12890625 0.1220703125
0 0.56396484375 0.7607421875 0.0732421875 0.08984375
0 0.73291015625 0.751953125 0.0888671875 0.076171875
0 0.46826171875 0.36767578125 0.0791015625 0.0576171875
0 0.5927734375 0.04833984375 0.078125 0.0966796875
0 0.1005859375 0.470703125 0.07421875 0.138671875
0 0.96435546875 0.0830078125 0.0693359375 0.1640625
0 0.2001953125 0.3271484375 0.111328125 0.07421875
0 0.81396484375 0.95263671875 0.1396484375 0.0810546875
0 0.86767578125 0.76904296875 0.1220703125 0.1455078125
0 0.30712890625 0.1533203125 0.1220703125 0.1015625
0 0.48583984375 0.876953125 0.0888671875 0.244140625
