0 0.85009765625 0.86279296875 0.0556640625 0.0576171875
0 0.4091796875 0.60205078125 0.044921875 0.0537109375
0 0.52734375 0.1787109375 0.078125 0.0859375
0 0.5 0.5947265625 0.05859375 0.06640625
0 0.2880859375 0.79296875 0.15234375 0.2109375
0 0.623046875 0.248046875 0.10546875 0.076171875
0 0.06591796875 0.21875 0.1318359375 0.078125
0 0.19140625 0.94287109375 0.10546875 0.1103515625
0 0.91455078125 0.142578125 0.0751953125 0.091796875
0 0.25244140625 0.3779296875 0.0771484375 0.08203125
0 0.0439453125 0.6162109375 0.087890625 0.095703125
0 0.94921875 0.396484375 0.078125 0.08203125
0 0.84228515625 0.21923828125 0.1025390625 0.0673828125
0 0.13232421875 0.4677734375 0.0966796875 0.126953125
0 0.02392578125 0.06005859375 0.0341796875 0.0947265625
0 0.93994140625 0.3046875 0.1142578125 0.09375
0 0.9169921875 0.89013671875 0.109375 0.1552734375
0 0.68896484375 0.77392578125 0.0693359375 0.0849609375
0 0.591796875 0.82373046875 0.091796875 0.1162109375
0 0.22802734375 0.04248046875 0.0673828125 0.0810546875
0 0.484375 0.31591796875 0.064453125 0.0771484375
0 0.86669921875 0.76953125 0.0712890625 0.06640625
0 0.4443359375 0.0498046875 0.1328125 0.08203125
0 0.82666015625 0.28271484375 0.0751953125 0.0986328125
0 0.6572265625 0.92529296875 0.083984375 0.1083984375
0 0.27734375 0.05908203125 0.052734375 0.1181640625
0 0.330078125 0.88525390625 0.10546875 0.1318359375
0 0.3935546875 0.328125 0.09765625 0.103515625
0 0.33447265625 0.09033203125 0.0615234375 0.0556640625
0 0.51171875 0.869140625 0.07421875 0.095703125
0 0.78369140625 0.06298828125 0.1318359375 0.0673828125
0 0.671875 0.59521484375 0.0859375 0.0791015625
0 0.09912109375 0.0517578125 0.1298828125 0.08203125
0 0.38427734375 0.1826171875 0.0791015625 0.0625
0 0.15869140625 0.27978515625 0.0947265625 0.1083984375
0 0.6845703125 0.3818359375 0.08984375 0.234375
0 0.2607421875 0.25 0.0703125 0.078125
0 0.97607421875 0.13720703125 0.0458984375 0.0966796875
