0 0.12060546875 0.5634765625 0.1513671875 0.119140625
0 0.830078125 0.39013671875 0.087890625 0.1005859375
0 0.4130859375 0.673828125 0.0859375 0.111328125
0 0.76220703125 0.92333984375 0.1083984375 0.1318359375
0 0.19091796875 0.75439453125 0.0888671875 0.0693359375
0 0.42626953125 0.798828125 0.0771484375 0.10546875
0 0.8896484375 0.71826171875 0.087890625 0.1162109375
0 0.37158203125 0.93017578125 0.1435546875 0.1064453125
0 0.28466796875 0.76708984375 0.0732421875 0.0751953125
0 0.47265625 0.7109375 0.087890625 0.1015625
0 0.78271484375 0.73193359375 0.0908203125 0.1103515625
0 0.03515625 0.0546875 0.0703125 0.099609375
0 0.41552734375 0.06103515625 0.0751953125 0.1044921875
0 0.689453125 0.85546875 0.07421875 0.076171875
0 0.35009765625 0.59375 0.0732421875 0.123046875
0 0.517578125 0.40771484375 0.064453125 0.0751953125
0 0.78369140625 0.31689453125 0.1005859375 0.1005859375
0 0.2744140625 0.857421875 0.083984375 0.07421875
0 0.8447265625 0.88037109375 0.083984375 0.1083984375
0 0.5673828125 0.59716796875 0.10546875 0.0849609375
0 0.02001953125 0.3984375 0.0400390625 0.1015625
0 0.3134765625 0.224609375 0.060546875 0.095703125
0 0.68603515625 0.41064453125 0.0615234375 0.1025390625
0 0.01708984375 0.234375 0.0341796875 0.169921875
0 0.7431640625 0.7890625 0.0625 0.068359375
0 0.40625 0.1787109375 0.091796875 0.06640625
0 0.9697265625 0.42138671875 0.060546875 0.0888671875
0 0.14111328125 0.6279296875 0.0947265625 0.0859375
0 0.962890625 0.220703125 0.072265625 0.072265625
0 0.693359375 0.701171875 0.056640625 0.05078125
0 0.9580078125 0.5234375 0.083984375 0.109375
0 0.4423828125 0.56298828125 0.111328125 0.0771484375
0 0.72802734375 0.15673828125 0.0771484375 0.0673828125
