0 0.66015625 0.3271484375 0.27734375 0.21484375
0 0.2490234375 0.18505859375 0.236328125 0.1494140625
0 0.95458984375 0.9013671875 0.0888671875 0.19140625
0 0.1484375 0.9541015625 0.08203125 0.080078125
0 0.29443359375 0.7060546875 0.1591796875 0.1875
0 0.64501953125 0.96630859375 0.0849609375 0.0654296875
0 0.56787109375 0.03759765625 0.2041015625 0.0751953125
0 0.68603515625 0.8583984375 0.1865234375 0.166015625
0 0.6474609375 0.46630859375 0.1953125 0.0849609375
0 0.20654296875 0.94921875 0.1201171875 0.099609375
0 0.232421875 0.06787109375 0.138671875 0.1025390625
0 0.44384765625 0.091796875 0.1357421875 0.130859375
0 0.44482421875 0.86083984375 0.0888671875 0.2431640625
0 0.45556640625 0.671875 0.1044921875 0.1640625
0 0.23388671875 0.69921875 0.1298828125 0.109375
0 0.7705078125 0.11865234375 0.146484375 0.1220703125
0 0.91943359375 0.58251953125 0.0947265625 0.1826171875
0 0.9482421875 0.73583984375 0.1015625 0.0927734375
0 0.1015625 0.78369140625 0.08984375 0.1845703125
0 0.17041015625 0.2568359375 0.0810546875 0.08203125
0 0.1689453125 0.025390625 0.126953125 0.05078125
0 0.5517578125 0.93994140625 0.087890625 0.1181640625
0 0.03955078125 0.27099609375 0.0791015625 0.1279296875
0 0.91943359375 0.82177734375 0.0771484375 0.0986328125
0 0.07568359375 0.126953125 0.1083984375 0.060546875
0 0.80322265625 0.70458984375 0.0927734375 0.1708984375
0 0.294921875 0.5029296875 0.14453125 0.140625
