0 0.65771484375 0.9599609375 0.1162109375 0.078125
0 0.96728515625 0.572265625 0.0634765625 0.09375
0 0.1259765625 0.09326171875 0.076171875 0.0732421875
0 0.75634765625 0.05078125 0.0908203125 0.099609375
0 0.505859375 0.60205078125 0.154296875 0.1650390625
0 0.5732421875 0.8037109375 0.0859375 0.140625
0 0.9189453125 0.44677734375 0.1015625 0.0908203125
0 0.4501953125 0.2939453125 0.171875 0.087890625
0 0.087890625 0.2099609375 0.146484375 0.185546875
0 0.57568359375 0.24365234375 0.1650390625 0.0869140625
0 0.19189453125 0.28515625 0.1064453125 0.140625
0 0.86474609375 0.1435546875 0.1103515625 0.126953125
0 0.62060546875 0.5419921875 0.0986328125 0.095703125
0 0.28515625 0.15185546875 0.119140625 0.0654296875
0 0.6328125 0.43310546875 0.08984375 0.1240234375
0 0.20947265625 0.81396484375 0.0927734375 0.1259765625
0 0.8388671875 0.91357421875 0.146484375 0.1669921875
0 0.58056640625 0.7275390625 0.1259765625 0.111328125
0 0.11767578125 0.94091796875 0.0517578125 0.0849609375
0 0.46923828125 0.3828125 0.1376953125 0.115234375
0 0.63671875 0.31689453125 0.162109375 0.0849609375
0 0.60888671875 0.16552734375 0.0693359375 0.1181640625
