0 0.0458984375 0.92236328125 0.091796875 0.1083984375
0 0.35791015625 0.24951171875 0.0869140625 0.0810546875
0 0.08544921875 0.53662109375 0.0888671875 0.1826171875
0 0.4013671875 0.3427734375 0.08984375 0.083984375
0 0.5712890625 0.205078125 0.08203125 0.08203125
0 0.1748046875 0.3076171875 0.173828125 0.087890625
0 0.13232421875 0.78173828125 0.1083984375 0.1357421875
0 0.794921875 0.865234375 0.0859375 0.126953125
0 0.3232421875 0.18408203125 0.09765625 0.1103515625
0 0.52490234375 0.30859375 0.1162109375 0.125
0 0.79443359375 0.65625 0.1123046875 0.203125
0 0.9296875 0.5625 0.126953125 0.068359375
0 0.5126953125 0.62548828125 0.072265625 0.0556640625
0 0.47607421875 0.59228515625 0.0576171875 0.0693359375
0 0.39990234375 0.59521484375 0.0595703125 0.0615234375
0 0.625 0.349609375 0.1171875 0.140625
0 0.8603515625 0.876953125 0.0625 0.140625
0 0.65625 0.14404296875 0.140625 0.0966796875
0 0.17431640625 0.64453125 0.1123046875 0.15234375
0 0.50439453125 0.751953125 0.1103515625 0.1015625
0 0.9140625 0.83349609375 0.1015625 0.1357421875
0 0.890625 0.455078125 0.07421875 0.138671875
0 0.31005859375 0.95556640625 0.0712890625 0.0869140625
0 0.23583984375 0.9404296875 0.1630859375 0.11328125
0 0.79931640625 0.33642578125 0.0771484375 0.1201171875
0 0.18798828125 0.13818359375 0.0986328125 0.1162109375
0 0.38232421875 0.5087890625 0.0634765625 0.08203125
0 0.025390625 0.0927734375 0.05078125 0.076171875
0 0.2998046875 0.4970703125 0.1015625 0.119140625
0 0.3134765625 0.7197265625 0.09375 0.177734375
0 0.16748046875 0.2216796875 0.0830078125 0.0859375
0 0.52099609375 0.169921875 0.1162109375 0.10546875
