0 0.984375 0.7353515625 0.029296875 0.099609375
0 0.78125 0.36865234375 0.111328125 0.0771484375
0 0.3388671875 0.75146484375 0.173828125 0.0791015625
0 0.6630859375 0.5556640625 0.08203125 0.193359375
0 0.71240234375 0.04541015625 0.1064453125 0.0400390625
0 0.6083984375 0.89404296875 0.068359375 0.0986328125
0 0.17822265625 0.77294921875 0.1103515625 0.0771484375
0 0.708984375 0.1611328125 0.17578125 0.099609375
0 0.4150390625 0.19580078125 0.119140625 0.1650390625
0 0.51611328125 0.90576171875 0.0693359375 0.1142578125
0 0.904296875 0.4990234375 0.037109375 0.078125
0 0.197265625 0.53857421875 0.10546875 0.1318359375
0 0.046875 0.77685546875 0.09375 0.1201171875
0 0.85400390625 0.27978515625 0.1416015625 0.1123046875
0 0.0205078125 0.3740234375 0.041015625 0.087890625
0 0.8330078125 0.44970703125 0.220703125 0.1435546875
0 0.6689453125 0.06396484375 0.171875 0.1064453125
0 0.0322265625 0.26025390625 0.064453125 0.0712890625
0 0.09326171875 0.8291015625 0.1220703125 0.134765625
0 0.28857421875 0.2197265625 0.0810546875 0.173828125
0 0.1025390625 0.52001953125 0.115234375 0.1494140625
0 0.62548828125 0.544921875 0.1259765625 0.107421875
0 0.75537109375 0.57470703125 0.1220703125 0.0908203125
0 0.42626953125 0.25390625 0.1142578125 0.1796875
0 0.0439453125 0.64990234375 0.06640625 0.1103515625
0 0.97314453125 0.88134765625 0.0517578125 0.0927734375
0 0.384765625 0.89111328125 0.099609375 0.0869140625
0 0.82958984375 0.697265625 0.0869140625 0.12109375
