0 0.2265625 0.59912109375 0.06640625 0.0693359375
0 0.91845703125 0.767578125 0.1611328125 0.09765625
0 0.60009765625 0.484375 0.1201171875 0.19921875
0 0.09375 0.37451171875 0.076171875 0.0732421875
0 0.8115234375 0.85791015625 0.087890625 0.0830078125
0 0.0546875 0.17626953125 0.109375 0.1181640625
0 0.759765625 0.73974609375 0.140625 0.1025390625
0 0.42041015625 0.9169921875 0.1025390625 0.166015625
0 0.3076171875 0.0419921875 0.1328125 0.083984375
0 0.83544921875 0.609375 0.1259765625 0.099609375
0 0.12841796875 0.30517578125 0.0791015625 0.1005859375
0 0.21923828125 0.08740234375 0.1162109375 0.0849609375
0 0.50048828125 0.125 0.1025390625 0.056640625
0 0.9296875 0.41845703125 0.138671875 0.2490234375
0 0.41552734375 0.51806640625 0.1494140625 0.0791015625
0 0.69970703125 0.13623046875 0.0888671875 0.0712890625
0 0.3447265625 0.4853515625 0.123046875 0.125
0 0.36962890625 0.72802734375 0.0947265625 0.0751953125
0 0.0771484375 0.02197265625 0.09765625 0.0439453125
0 0.0791015625 0.9267578125 0.158203125 0.0859375
0 0.4052734375 0.119140625 0.119140625 0.099609375
0 0.5849609375 0.21044921875 0.09375 0.0849609375
0 0.52685546875 0.9375 0.0791015625 0.103515625
0 0.63720703125 0.04296875 0.0693359375 0.0859375
0 0.35009765625 0.3154296875 0.1123046875 0.095703125
