0 0.54248046875 0.97412109375 0.0458984375 0.0322265625
0 0.73388671875 0.50390625 0.0849609375 0.072265625
0 0.498046875 0.3408203125 0.115234375 0.111328125
0 0.2197265625 0.6220703125 0.13671875 0.12109375
0 0.88623046875 0.43017578125 0.0888671875 0.0966796875
0 0.56689453125 0.41845703125 0.1005859375 0.0771484375
0 0.1552734375 0.82373046875 0.1171875 0.1318359375
0 0.87841796875 0.64892578125 0.1708984375 0.1181640625
0 0.642578125 0.759765625 0.07421875 0.1328125
0 0.87255859375 0.23388671875 0.0947265625 0.1083984375
0 0.513671875 0.8466796875 0.095703125 0.1328125
0 0.09814453125 0.0439453125 0.1005859375 0.060546875
0 0.20458984375 0.265625 0.1298828125 0.115234375
0 0.02734375 0.9404296875 0.0546875 0.10546875
0 0.4228515625 0.09619140625 0.080078125 0.1083984375
0 0.5712890625 0.2646484375 0.078125 0.072265625
0 0.923828125 0.60107421875 0.15234375 0.0888671875
0 0.7880859375 0.595703125 0.107421875 0.064453125
0 0.41748046875 0.60302734375 0.1044921875 0.1064453125
0 0.35302734375 0.57177734375 0.0615234375 0.0634765625
0 0.3466796875 0.2607421875 0.083984375 0.107421875
0 0.2470703125 0.4931640625 0.07421875 0.08203125
