0 0.9296875 0.04345703125 0.138671875 0.0869140625
0 0.5302734375 0.97265625 0.109375 0.052734375
0 0.275390625 0.41748046875 0.1171875 0.0908203125
0 0.96728515625 0.64013671875 0.0634765625 0.0888671875
0 0.396484375 0.77978515625 0.09765625 0.0791015625
0 0.6708984375 0.4580078125 0.099609375 0.15625
0 0.46337890625 0.34912109375 0.1279296875 0.0751953125
0 0.041015625 0.146484375 0.08203125 0.09765625
0 0.83984375 0.939453125 0.09765625 0.1171875
0 0.15087890625 0.07568359375 0.1103515625 0.1416015625
0 0.10595703125 0.27783203125 0.0751953125 0.1083984375
0 0.91259765625 0.51318359375 0.1728515625 0.1337890625
0 0.71484375 0.146484375 0.119140625 0.125
0 0.7421875 0.5517578125 0.103515625 0.123046875
0 0.0283203125 0.6640625 0.056640625 0.115234375
