0 0.572265625 0.7158203125 0.087890625 0.197265625
0 0.24267578125 0.6494140625 0.0869140625 0.177734375
0 0.27099609375 0.70849609375 0.1416015625 0.1044921875
0 0.16650390625 0.92626953125 0.1630859375 0.0810546875
0 0.25439453125 0.02685546875 0.1123046875 0.0498046875
0 0.78857421875 0.19140625 0.1220703125 0.1484375
0 0.70654296875 0.02734375 0.1630859375 0.0546875
0 0.36474609375 0.595703125 0.2412109375 0.044921875
0 0.1396484375 0.79443359375 0.115234375 0.1181640625
0 0.68115234375 0.73095703125 0.0830078125 0.0791015625
0 0.98095703125 0.60009765625 0.0361328125 0.1298828125
0 0.951171875 0.447265625 0.083984375 0.078125
0 0.896484375 0.021484375 0.08203125 0.04296875
0 0.92333984375 0.89501953125 0.0830078125 0.0986328125
0 0.11376953125 0.2529296875 0.0791015625 0.0703125
0 0.67626953125 0.88916015625 0.1064453125 0.2197265625
0 0.7978515625 0.7744140625 0.142578125 0.13671875
0 0.6201171875 0.18017578125 0.109375 0.0810546875
0 0.9091796875 0.677734375 0.166015625 0.126953125
0 0.880859375 0.5400390625 0.119140625 0.15234375
0 0.94873046875 0.76220703125 0.0986328125 0.0927734375
0 0.88330078125 0.10302734375 0.1025390625 0.0771484375
