0 0.65478515625 0.0283203125 0.0908203125 0.056640625
0 0.86376953125 0.79345703125 0.1181640625 0.1064453125
0 0.2705078125 0.46044921875 0.150390625 0.0830078125
0 0.7998046875 0.28857421875 0.216796875 0.0810546875
0 0.76171875 0.06201171875 0.14453125 0.0908203125
0 0.4140625 0.48583984375 0.142578125 0.0810546875
0 0.142578125 0.85986328125 0.072265625 0.0849609375
0 0.04541015625 0.2958984375 0.0673828125 0.130859375
0 0.94287109375 0.9755859375 0.0654296875 0.044921875
0 0.09521484375 0.58154296875 0.0869140625 0.0888671875
0 0.37109375 0.4384765625 0.109375 0.091796875
0 0.962890625 0.8837890625 0.072265625 0.0703125
0 0.69775390625 0.4248046875 0.1318359375 0.09375
0 0.1259765625 0.76220703125 0.12890625 0.1201171875
0 0.2998046875 0.03173828125 0.12109375 0.0615234375
0 0.923828125 0.439453125 0.099609375 0.078125
0 0.6015625 0.26220703125 0.10546875 0.1572265625
0 0.08251953125 0.6005859375 0.1650390625 0.068359375
0 0.5791015625 0.16552734375 0.08203125 0.0634765625
0 0.4267578125 0.9345703125 0.177734375 0.126953125
0 0.0400390625 0.05078125 0.080078125 0.08203125
0 0.392578125 0.6923828125 0.076171875 0.126953125
0 0.47412109375 0.5751953125 0.1259765625 0.09765625
0 0.43115234375 0.31298828125 0.0986328125 0.1552734375
0 0.9365234375 0.11669921875 0.11328125 0.0849609375
0 0.6806640625 0.11279296875 0.09375 0.0927734375
