0 0.86376953125 0.10595703125 0.1142578125 0.0908203125
0 0.8935546875 0.25341796875 0.099609375 0.0966796875
0 0.80224609375 0.02099609375 0.0517578125 0.0419921875
0 0.2509765625 0.60302734375 0.1171875 0.0986328125
0 0.9697265625 0.953125 0.060546875 0.09375
0 0.3857421875 0.78125 0.142578125 0.1640625
0 0.46923828125 0.3857421875 0.1005859375 0.091796875
0 0.025390625 0.05712890625 0.05078125 0.1005859375
0 0.02734375 0.2099609375 0.0546875 0.09375
0 0.34326171875 0.337890625 0.0947265625 0.11328125
0 0.57080078125 0.64453125 0.1357421875 0.115234375
0 0.9697265625 0.52880859375 0.05859375 0.0771484375
0 0.71484375 0.63427734375 0.07421875 0.1083984375
0 0.79296875 0.5791015625 0.087890625 0.0859375
0 0.81884765625 0.9521484375 0.1083984375 0.09375
0 0.2421875 0.19482421875 0.087890625 0.0732421875
0 0.97998046875 0.720703125 0.0380859375 0.09765625
0 0.08544921875 0.82275390625 0.0712890625 0.1103515625
0 0.37255859375 0.1806640625 0.0986328125 0.15234375
0 0.5859375 0.8115234375 0.13671875 0.095703125
0 0.0302734375 0.880859375 0.056640625 0.12890625
