0 0.658203125 0.50927734375 0.07421875 0.1044921875
0 0.47265625 0.23046875 0.0703125 0.072265625
0 0.830078125 0.34814453125 0.08203125 0.0654296875
0 0.8955078125 0.248046875 0.0625 0.0703125
0 0.025390625 0.85888671875 0.05078125 0.1005859375
0 0.32568359375 0.79248046875 0.0634765625 0.0771484375
0 0.12158203125 0.17236328125 0.0986328125 0.0751953125
0 0.96435546875 0.60107421875 0.0693359375 0.0791015625
0 0.865234375 0.55517578125 0.11328125 0.0888671875
0 0.54736328125 0.11474609375 0.0615234375 0.0849609375
0 0.43798828125 0.5791015625 0.1220703125 0.109375
0 0.61767578125 0.89404296875 0.1162109375 0.0693359375
0 0.6318359375 0.04345703125 0.05859375 0.0615234375
0 0.70361328125 0.6767578125 0.0576171875 0.09765625
0 0.65625 0.2158203125 0.134765625 0.130859375
0 0.4931640625 0.3505859375 0.10546875 0.09765625
0 0.8505859375 0.14501953125 0.0859375 0.0849609375
0 0.970703125 0.17333984375 0.056640625 0.0810546875
0 0.15185546875 0.7265625 0.1240234375 0.091796875
0 0.07275390625 0.974609375 0.0869140625 0.044921875
0 0.65673828125 0.728515625 0.0771484375 0.0859375
0 0.30029296875 0.091796875 0.1259765625 0.130859375
0 0.9453125 0.93701171875 0.083984375 0.0830078125
0 0.458984375 0.73876953125 0.044921875 0.0400390625
0 0.03125 0.1474609375 0.0625 0.11328125
0 0.06689453125 0.05419921875 0.1103515625 0.0712890625
0 0.7568359375 0.88134765625 0.076171875 0.0927734375
0 0.93896484375 0.14404296875 0.0634765625 0.0732421875
0 0.02783203125 0.7763671875 0.0556640625 0.08203125
