0 0.28857421875 0.20849609375 0.1181640625 0.0751953125
0 0.25244140625 0.1376953125 0.1669921875 0.09375
0 0.05810546875 0.2451171875 0.1162109375 0.1015625
0 0.15087890625 0.2783203125 0.0986328125 0.09765625
0 0.4501953125 0.06689453125 0.06640625 0.1337890625
0 0.65625 0.9296875 0.14453125 0.138671875
0 0.36962890625 0.2431640625 0.0693359375 0.111328125
0 0.244140625 0.04443359375 0.140625 0.0888671875
0 0.0283203125 0.97216796875 0.056640625 0.0537109375
0 0.509765625 0.02880859375 0.08984375 0.0576171875
0 0.03271484375 0.79833984375 0.0654296875 0.0849609375
0 0.40869140625 0.6953125 0.1572265625 0.099609375
0 0.681640625 0.53466796875 0.12890625 0.0791015625
0 0.38427734375 0.02880859375 0.0634765625 0.0576171875
0 0.10986328125 0.18359375 0.0869140625 0.16015625
0 0.97021484375 0.900390625 0.0576171875 0.08203125
0 0.35595703125 0.8291015625 0.1513671875 0.125
0 0.66943359375 0.130859375 0.0869140625 0.203125
0 0.703125 0.70654296875 0.12109375 0.0830078125
0 0.9599609375 0.34912109375 0.076171875 0.1806640625
0 0.77783203125 0.81640625 0.0634765625 0.091796875
0 0.9658203125 0.79443359375 0.06640625 0.0927734375
