0 0.11328125 0.6162109375 0.09765625 0.115234375
0 0.0751953125 0.21728515625 0.130859375 0.1162109375
0 0.34375 0.15576171875 0.08203125 0.0634765625
0 0.20654296875 0.65576171875 0.0908203125 0.1455078125
0 0.1865234375 0.3623046875 0.125 0.11328125
0 0.91357421875 0.95361328125 0.0927734375 0.0908203125
0 0.76318359375 0.8642578125 0.1123046875 0.095703125
0 0.70654296875 0.85888671875 0.1494140625 0.0732421875
0 0.03369140625 0.26513671875 0.0673828125 0.0830078125
0 0.216796875 0.818359375 0.09765625 0.099609375
0 0.216796875 0.091796875 0.087890625 0.08984375
0 0.9072265625 0.03466796875 0.083984375 0.0693359375
0 0.3330078125 0.44287109375 0.068359375 0.0673828125
0 0.494140625 0.05078125 0.078125 0.078125
0 0.35107421875 0.61083984375 0.1298828125 0.0751953125
0 0.3583984375 0.89013671875 0.08984375 0.0732421875
0 0.14208984375 0.3896484375 0.2294921875 0.083984375
0 0.85498046875 0.6748046875 0.0830078125 0.154296875
0 0.927734375 0.5498046875 0.123046875 0.095703125
0 0.96044921875 0.45947265625 0.0771484375 0.1044921875
0 0.41015625 0.544921875 0.083984375 0.1015625
0 0.46533203125 0.716796875 0.0908203125 0.138671875
0 0.88671875 0.791015625 0.087890625 0.162109375
0 0.376953125 0.08447265625 0.09765625 0.0771484375
0 0.96630859375 0.02783203125 0.0654296875 0.0537109375
0 0.5498046875 0.7197265625 0.1015625 0.220703125
0 0.11376953125 0.1142578125 0.1259765625 0.08203125
0 0.34716796875 0.81005859375 0.1044921875 0.0869140625
0 0.29150390625 0.16015625 0.0947265625 0.091796875
0 0.19189453125 0.185546875 0.1611328125 0.134765625
0 0.66748046875 0.96240234375 0.0927734375 0.0693359375
0 0.70849609375 0.6904296875 0.0830078125 0.166015625
0 0.75439453125 0.53271484375 0.1005859375 0.1416015625
0 0.7744140625 0.06005859375 0.083984375 0.1162109375
0 0.20166015625 0.552734375 0.2080078125 0.115234375
0 0.51806640625 0.90185546875 0.0712890625 0.1044921875
0 0.49560546875 0.4130859375 0.0986328125 0.08984375
