0 0.84912109375 0.265625 0.0634765625 0.07421875
0 0.9658203125 0.84912109375 0.06640625 0.1416015625
0 0.11572265625 0.8857421875 0.1298828125 0.091796875
0 0.3955078125 0.7353515625 0.123046875 0.16015625
0 0.72119140625 0.6787109375 0.0908203125 0.091796875
0 0.2333984375 0.42578125 0.150390625 0.1171875
0 0.82470703125 0.88818359375 0.1240234375 0.0712890625
0 0.52587890625 0.734375 0.0947265625 0.08984375
0 0.35791015625 0.6689453125 0.1064453125 0.1640625
0 0.90087890625 0.70654296875 0.0751953125 0.0732421875
0 0.72998046875 0.89892578125 0.1044921875 0.1025390625
0 0.9287109375 0.24267578125 0.140625 0.0732421875
0 0.54296875 0.53857421875 0.099609375 0.0712890625
0 0.359375 0.8193359375 0.251953125 0.08984375
0 0.9521484375 0.04345703125 0.09375 0.0869140625
0 0.66748046875 0.0595703125 0.1591796875 0.1171875
0 0.12646484375 0.052734375 0.0908203125 0.103515625
0 0.06982421875 0.97900390625 0.1396484375 0.0361328125
0 0.8798828125 0.1015625 0.13671875 0.13671875
0 0.1455078125 0.453125 0.18359375 0.21875
0 0.921875 0.56591796875 0.15625 0.1162109375
0 0.89111328125 0.619140625 0.0947265625 0.060546875
0 0.21533203125 0.43310546875 0.0576171875 0.1826171875
0 0.32177734375 0.01708984375 0.0986328125 0.0341796875
0 0.1748046875 0.1748046875 0.150390625 0.1171875
0 0.888671875 0.46630859375 0.08984375 0.0947265625
0 0.16845703125 0.2470703125 0.1376953125 0.109375
0 0.80712890625 0.556640625 0.0458984375 0.171875
