0 0.65771484375 0.810546875 0.0810546875 0.091796875
0 0.2216796875 0.451171875 0.09765625 0.04296875
0 0.34765625 0.302734375 0.099609375 0.07421875
0 0.22607421875 0.78271484375 0.0927734375 0.0810546875
0 0.96533203125 0.02880859375 0.0673828125 0.0576171875
0 0.68408203125 0.2255859375 0.0947265625 0.134765625
0 0.728515625 0.05419921875 0.1328125 0.0654296875
0 0.13916015625 0.314453125 0.0771484375 0.05859375
0 0.9140625 0.67724609375 0.107421875 0.1396484375
0 0.7763671875 0.6787109375 0.1796875 0.12890625
0 0.927734375 0.3369140625 0.142578125 0.123046875
0 0.74267578125 0.02392578125 0.0927734375 0.0478515625
0 0.671875 0.47509765625 0.099609375 0.1728515625
0 0.51025390625 0.71533203125 0.1669921875 0.1513671875
0 0.53466796875 0.9736328125 0.0693359375 0.046875
0 0.06298828125 0.80224609375 0.0791015625 0.0869140625
0 0.30078125 0.1962890625 0.107421875 0.083984375
0 0.42041015625 0.876953125 0.1982421875 0.09765625
0 0.609375 0.58544921875 0.140625 0.1455078125
0 0.97216796875 0.0830078125 0.0537109375 0.1015625
0 0.30859375 0.029296875 0.11328125 0.0546875
0 0.46240234375 0.951171875 0.0830078125 0.09375
0 0.66796875 0.74462890625 0.126953125 0.1318359375
0 0.25390625 0.14208984375 0.103515625 0.0986328125
0 0.70947265625 0.28955078125 0.2294921875 0.1240234375
0 0.04345703125 0.1640625 0.0869140625 0.076171875
