0 0.84423828125 0.92529296875 0.0595703125 0.1455078125
0 0.02294921875 0.59814453125 0.0458984375 0.0830078125
0 0.07177734375 0.3408203125 0.0869140625 0.126953125
0 0.14013671875 0.28369140625 0.2294921875 0.0771484375
0 0.40966796875 0.89453125 0.2158203125 0.1015625
0 0.22802734375 0.16259765625 0.1396484375 0.1787109375
0 0.248046875 0.07275390625 0.111328125 0.1337890625
0 0.6572265625 0.8330078125 0.0703125 0.177734375
0 0.09326171875 0.6708984375 0.0927734375 0.10546875
0 0.46923828125 0.96044921875 0.1279296875 0.0751953125
0 0.408203125 0.8388671875 0.126953125 0.123046875
0 0.767578125 0.76953125 0.111328125 0.10546875
0 0.21875 0.884765625 0.07421875 0.08984375
0 0.50341796875 0.71875 0.0439453125 0.0546875
0 0.9736328125 0.92041015625 0.05078125 0.1513671875
0 0.02880859375 0.435546875 0.0576171875 0.07421875
0 0.248046875 0.9609375 0.078125 0.0546875
0 0.1630859375 0.76220703125 0.0859375 0.1123046875
0 0.87158203125 0.39501953125 0.0634765625 0.0478515625
0 0.7880859375 0.56494140625 0.08203125 0.0869140625
0 0.73388671875 0.619140625 0.1181640625 0.08203125
0 0.87744140625 0.7138671875 0.0869140625 0.126953125
0 0.9462890625 0.3212890625 0.10546875 0.10546875
0 0.0673828125 0.7509765625 0.080078125 0.06640625
0 0.9541015625 0.34619140625 0.091796875 0.2119140625
0 0.94921875 0.61962890625 0.080078125 0.1025390625
0 0.69482421875 0.85791015625 0.1064453125 0.0888671875
0 0.68359375 0.9326171875 0.123046875 0.078125
0 0.35107421875 0.40966796875 0.1044921875 0.1162109375
0 0.06005859375 0.55517578125 0.1201171875 0.0615234375
0 0.36376953125 0.65576171875 0.1357421875 0.0947265625
