0 0.07080078125 0.455078125 0.0869140625 0.205078125
0 0.5771484375 0.29052734375 0.099609375 0.1787109375
0 0.59912109375 0.09130859375 0.1005859375 0.1826171875
0 0.15283203125 0.763671875 0.1748046875 0.11328125
0 0.91015625 0.26708984375 0.17578125 0.0966796875
0 0.06103515625 0.92041015625 0.1064453125 0.1064453125
0 0.5625 0.8154296875 0.193359375 0.1796875
0 0.8916015625 0.404296875 0.21484375 0.16796875
0 0.369140625 0.45166015625 0.0703125 0.0498046875
0 0.638671875 0.94482421875 0.078125 0.1044921875
0 0.35400390625 0.1708984375 0.0849609375 0.083984375
0 0.25927734375 0.537109375 0.0693359375 0.140625
0 0.42578125 0.30224609375 0.095703125 0.1259765625
0 0.2626953125 0.40966796875 0.0703125 0.1474609375
0 0.44580078125 0.5390625 0.0888671875 0.091796875
0 0.1650390625 0.060546875 0.09765625 0.12109375
0 0.93505859375 0.88916015625 0.0888671875 0.1748046875
0 0.5283203125 0.95068359375 0.138671875 0.0966796875
0 0.71630859375 0.63720703125 0.1025390625 0.1279296875
0 0.2080078125 0.40869140625 0.142578125 0.0966796875
0 0.32763671875 0.41259765625 0.0947265625 0.1201171875
0 0.72265625 0.234375 0.173828125 0.1171875
0 0.66357421875 0.107421875 0.0966796875 0.20703125
0 0.03955078125 0.759765625 0.0791015625 0.115234375
0 0.30859375 0.96142578125 0.09375 0.0751953125
0 0.203125 0.93896484375 0.12890625 0.1181640625
0 0.54248046875 0.49951171875 0.1162109375 0.1103515625
0 0.41357421875 0.0400390625 0.1298828125 0.080078125
0 0.06298828125 0.07177734375 0.1103515625 0.1435546875
0 0.66796875 0.390625 0.115234375 0.078125
0 0.705078125 0.9111328125 0.158203125 0.083984375
0 0.462890625 0.12353515625 0.1484375 0.0947265625
0 0.9111328125 0.64794921875 0.09765625 0.1083984375
0 0.63330078125 0.61865234375 0.1552734375 0.0927734375
0 0.89892578125 0.35009765625 0.0986328125 0.0986328125
0 0.35888671875 0.75341796875 0.1025390625 0.1474609375
0 0.7080078125 0.45166015625 0.203125 0.1005859375
0 0.1826171875 0.61181640625 0.083984375 0.0947265625
