0 0.27734375 0.90478515625 0.076171875 0.1201171875
0 0.31787109375 0.2978515625 0.0791015625 0.095703125
0 0.35400390625 0.673828125 0.1474609375 0.103515625
0 0.3271484375 0.26806640625 0.09375 0.0673828125
0 0.58154296875 0.06884765625 0.1240234375 0.1376953125
0 0.1279296875 0.8115234375 0.078125 0.068359375
0 0.927734375 0.08740234375 0.142578125 0.0751953125
0 0.14990234375 0.6533203125 0.0927734375 0.083984375
0 0.6435546875 0.2138671875 0.119140625 0.09765625
0 0.79541015625 0.03076171875 0.0927734375 0.0615234375
0 0.6494140625 0.62255859375 0.087890625 0.1689453125
0 0.53466796875 0.4931640625 0.1806640625 0.10546875
0 0.46044921875 0.64599609375 0.0673828125 0.0693359375
0 0.7412109375 0.6328125 0.083984375 0.12109375
0 0.28076171875 0.33935546875 0.0654296875 0.0693359375
0 0.203125 0.609375 0.103515625 0.150390625
0 0.66259765625 0.93603515625 0.1396484375 0.1162109375
0 0.58984375 0.87451171875 0.119140625 0.0966796875
0 0.95849609375 0.93505859375 0.0830078125 0.0751953125
0 0.63037109375 0.45166015625 0.0908203125 0.0869140625
0 0.7275390625 0.80126953125 0.1015625 0.1259765625
0 0.375 0.02197265625 0.138671875 0.0439453125
0 0.96484375 0.71337890625 0.068359375 0.1396484375
0 0.3232421875 0.05859375 0.078125 0.091796875
0 0.5361328125 0.14599609375 0.103515625 0.0849609375
