0 0.3515625 0.47998046875 0.15234375 0.1240234375
0 0.6767578125 0.31103515625 0.099609375 0.1083984375
0 0.83837890625 0.66259765625 0.1123046875 0.0888671875
0 0.6640625 0.17333984375 0.111328125 0.1376953125
0 0.1630859375 0.41748046875 0.125 0.1708984375
0 0.650390625 0.46923828125 0.17578125 0.0771484375
0 0.818359375 0.45263671875 0.13671875 0.1630859375
0 0.0419921875 0.3291015625 0.083984375 0.0625
0 0.03076171875 0.41357421875 0.0615234375 0.1298828125
0 0.11376953125 0.17333984375 0.1259765625 0.0966796875
0 0.24267578125 0.8427734375 0.0908203125 0.091796875
0 0.41796875 0.28662109375 0.1796875 0.0732421875
0 0.2890625 0.57080078125 0.1328125 0.0830078125
0 0.96826171875 0.95068359375 0.0615234375 0.0966796875
0 0.52685546875 0.6787109375 0.0654296875 0.224609375
0 0.9599609375 0.04833984375 0.078125 0.0966796875
0 0.41845703125 0.89794921875 0.0771484375 0.1279296875
0 0.068359375 0.93896484375 0.13671875 0.0986328125
0 0.08154296875 0.78662109375 0.0947265625 0.0712890625
0 0.02783203125 0.0283203125 0.0556640625 0.0546875
0 0.28125 0.4140625 0.16015625 0.091796875
0 0.74267578125 0.7861328125 0.0791015625 0.09765625
0 0.64111328125 0.40771484375 0.1416015625 0.1083984375
0 0.80810546875 0.14208984375 0.0927734375 0.1767578125
