0 0.490234375 0.68798828125 0.103515625 0.1044921875
0 0.8740234375 0.64404296875 0.09375 0.1064453125
0 0.30908203125 0.0673828125 0.1279296875 0.134765625
0 0.953125 0.546875 0.091796875 0.064453125
0 0.73583984375 0.77392578125 0.2021484375 0.1083984375
0 0.84814453125 0.59765625 0.0986328125 0.1015625
0 0.9638671875 0.45654296875 0.0703125 0.1220703125
0 0.359375 0.9755859375 0.0703125 0.044921875
0 0.76904296875 0.85400390625 0.1943359375 0.1279296875
0 0.650390625 0.634765625 0.22265625 0.125
0 0.603515625 0.92578125 0.11328125 0.12890625
0 0.14111328125 0.0966796875 0.1376953125 0.193359375
0 0.35498046875 0.26806640625 0.1162109375 0.0830078125
0 0.98193359375 0.14501953125 0.0361328125 0.1259765625
0 0.28662109375 0.52734375 0.1181640625 0.1640625
0 0.654296875 0.4716796875 0.142578125 0.099609375
0 0.0859375 0.396484375 0.08203125 0.12109375
0 0.1845703125 0.81103515625 0.087890625 0.1416015625
0 0.71435546875 0.58447265625 0.0849609375 0.0654296875
0 0.9765625 0.80322265625 0.04296875 0.1708984375
0 0.83544921875 0.236328125 0.1123046875 0.146484375
0 0.84375 0.4541015625 0.193359375 0.11328125
