0 0.0224609375 0.8681640625 0.04296875 0.1015625
0 0.01806640625 0.205078125 0.0361328125 0.109375
0 0.75146484375 0.33984375 0.1376953125 0.115234375
0 0.33056640625 0.4423828125 0.1044921875 0.07421875
0 0.130859375 0.10595703125 0.095703125 0.0908203125
0 0.28369140625 0.96826171875 0.1142578125 0.0615234375
0 0.26171875 0.78173828125 0.08984375 0.1044921875
0 0.89990234375 0.12109375 0.1240234375 0.107421875
0 0.60107421875 0.4130859375 0.1376953125 0.115234375
0 0.69140625 0.3212890625 0.107421875 0.16015625
0 0.97509765625 0.3310546875 0.0478515625 0.103515625
0 0.38427734375 0.052734375 0.1201171875 0.103515625
0 0.392578125 0.498046875 0.138671875 0.10546875
0 0.13232421875 0.2724609375 0.1064453125 0.169921875
0 0.87548828125 0.771484375 0.1201171875 0.12109375
0 0.70654296875 0.15625 0.0830078125 0.083984375
0 0.66162109375 0.208984375 0.0986328125 0.083984375
0 0.02978515625 0.3603515625 0.0595703125 0.0859375
0 0.9462890625 0.17724609375 0.10546875 0.1279296875
0 0.0439453125 0.69384765625 0.087890625 0.0849609375
0 0.5556640625 0.6494140625 0.099609375 0.09375
0 0.69677734375 0.88134765625 0.1396484375 0.1162109375
0 0.84619140625 0.8662109375 0.0634765625 0.060546875
0 0.3837890625 0.66650390625 0.087890625 0.1259765625
0 0.52099609375 0.02392578125 0.0791015625 0.0478515625
0 0.90087890625 0.896484375 0.1123046875 0.1328125
0 0.55322265625 0.7412109375 0.1005859375 0.140625
0 0.69482421875 0.6123046875 0.1025390625 0.1328125
0 0.75390625 0.7470703125 0.08984375 0.087890625
