0 0.583984375 0.404296875 0.158203125 0.09375
0 0.552734375 0.11376953125 0.09375 0.2275390625
0 0.9599609375 0.4521484375 0.078125 0.078125
0 0.751953125 0.04052734375 0.09765625 0.0791015625
0 0.13671875 0.92578125 0.083984375 0.126953125
0 0.0546875 0.5615234375 0.109375 0.08984375
0 0.68212890625 0.18017578125 0.1064453125 0.2705078125
0 0.95458984375 0.0908203125 0.0849609375 0.09765625
0 0.53564453125 0.89013671875 0.1513671875 0.1337890625
0 0.72998046875 0.26708984375 0.0927734375 0.2138671875
0 0.37646484375 0.5859375 0.0654296875 0.119140625
0 0.3251953125 0.7333984375 0.083984375 0.12109375
0 0.4658203125 0.1708984375 0.11328125 0.251953125
0 0.40869140625 0.44775390625 0.0888671875 0.1025390625
0 0.87451171875 0.87060546875 0.1494140625 0.2060546875
0 0.19775390625 0.068359375 0.0791015625 0.13671875
0 0.23291015625 0.5654296875 0.2099609375 0.08984375
0 0.6279296875 0.3193359375 0.099609375 0.07421875
0 0.8896484375 0.40380859375 0.181640625 0.0693359375
0 0.5703125 0.68505859375 0.19921875 0.1142578125
0 0.27099609375 0.15380859375 0.0673828125 0.2060546875
0 0.42578125 0.34375 0.115234375 0.107421875
0 0.47998046875 0.79638671875 0.1181640625 0.1064453125
0 0.25732421875 0.6533203125 0.1923828125 0.150390625
0 0.55712890625 0.71826171875 0.0712890625 0.2080078125
0 0.44384765625 0.93896484375 0.0947265625 0.1123046875
0 0.0458984375 0.27587890625 0.091796875 0.0927734375
