0 0.9765625 0.447265625 0.044921875 0.091796875
0 0.57373046875 0.626953125 0.1650390625 0.10546875
0 0.86962890625 0.037109375 0.1533203125 0.07421875
0 0.4345703125 0.5556640625 0.10546875 0.103515625
0 0.029296875 0.17041015625 0.05859375 0.1904296875
0 0.9189453125 0.0947265625 0.12890625 0.09375
0 0.84130859375 0.1845703125 0.1025390625 0.12109375
0 0.76904296875 0.56982421875 0.0849609375 0.1064453125
0 0.923828125 0.65478515625 0.150390625 0.0869140625
0 0.82958984375 0.9140625 0.0888671875 0.099609375
0 0.673828125 0.80810546875 0.1640625 0.1005859375
0 0.93212890625 0.5380859375 0.1337890625 0.12109375
0 0.65185546875 0.22607421875 0.1728515625 0.2509765625
0 0.9228515625 0.40185546875 0.1171875 0.2001953125
0 0.69482421875 0.72265625 0.0634765625 0.05859375
0 0.76953125 0.69921875 0.103515625 0.134765625
0 0.22705078125 0.03466796875 0.1123046875 0.0693359375
0 0.4921875 0.79296875 0.115234375 0.193359375
0 0.1806640625 0.59326171875 0.171875 0.0947265625
0 0.49462890625 0.435546875 0.2314453125 0.1171875
0 0.46142578125 0.021484375 0.0927734375 0.041015625
