0 0.890625 0.46826171875 0.216796875 0.1494140625
0 0.04736328125 0.8037109375 0.0947265625 0.232421875
0 0.41650390625 0.38134765625 0.1572265625 0.1806640625
0 0.2158203125 0.083984375 0.134765625 0.16796875
0 0.36962890625 0.07568359375 0.0927734375 0.1044921875
0 0.7685546875 0.10888671875 0.171875 0.2177734375
0 0.47216796875 0.05517578125 0.1064453125 0.1103515625
0 0.517578125 0.02880859375 0.064453125 0.0576171875
0 0.91748046875 0.59033203125 0.1630859375 0.0849609375
0 0.73193359375 0.30712890625 0.0927734375 0.2197265625
0 0.625 0.03271484375 0.107421875 0.0634765625
0 0.03564453125 0.60986328125 0.0712890625 0.1142578125
0 0.07958984375 0.44140625 0.1142578125 0.134765625
0 0.40625 0.9169921875 0.10546875 0.162109375
0 0.88037109375 0.46630859375 0.1142578125 0.1181640625
0 0.69775390625 0.3837890625 0.1142578125 0.150390625
0 0.818359375 0.66650390625 0.078125 0.0751953125
0 0.94091796875 0.36962890625 0.0791015625 0.0810546875
0 0.2900390625 0.76708984375 0.162109375 0.1748046875
0 0.39501953125 0.5107421875 0.0888671875 0.24609375
0 0.87548828125 0.1611328125 0.2470703125 0.2109375
