0 0.2373046875 0.38671875 0.0703125 0.07421875
0 0.13330078125 0.93017578125 0.0673828125 0.0849609375
0 0.8828125 0.728515625 0.080078125 0.111328125
0 0.7841796875 0.22119140625 0.08984375 0.1181640625
0 0.54541015625 0.09521484375 0.0751953125 0.0908203125
0 0.603515625 0.4814453125 0.078125 0.08203125
0 0.435546875 0.6220703125 0.09375 0.0859375
0 0.4228515625 0.06689453125 0.072265625 0.0556640625
0 0.86474609375 0.37451171875 0.1220703125 0.0771484375
0 0.8271484375 0.72509765625 0.072265625 0.0986328125
0 0.06494140625 0.97412109375 0.1298828125 0.0458984375
0 0.30322265625 0.61962890625 0.0908203125 0.0849609375
0 0.193359375 0.427734375 0.091796875 0.1328125
0 0.7275390625 0.7958984375 0.134765625 0.111328125
0 0.228515625 0.8994140625 0.107421875 0.13671875
0 0.935546875 0.1337890625 0.05078125 0.080078125
0 0.6640625 0.734375 0.095703125 0.0703125
0 0.70654296875 0.51025390625 0.0869140625 0.0927734375
0 0.81640625 0.58740234375 0.123046875 0.0908203125
0 0.025390625 0.8330078125 0.05078125 0.1171875
0 0.3701171875 0.3203125 0.111328125 0.16015625
0 0.041015625 0.20361328125 0.08203125 0.1806640625
0 0.19189453125 0.537109375 0.2705078125 0.103515625
0 0.52734375 0.33251953125 0.126953125 0.1240234375
