0 0.8251953125 0.24755859375 0.099609375 0.0791015625
0 0.70751953125 0.2548828125 0.1162109375 0.091796875
0 0.54248046875 0.28173828125 0.0869140625 0.0771484375
0 0.3662109375 0.04638671875 0.099609375 0.0908203125
0 0.29345703125 0.81591796875 0.1044921875 0.1357421875
0 0.28857421875 0.1162109375 0.1240234375 0.138671875
0 0.12158203125 0.060546875 0.1123046875 0.115234375
0 0.74951171875 0.46826171875 0.0966796875 0.1123046875
0 0.8681640625 0.53369140625 0.09765625 0.1064453125
0 0.97509765625 0.0400390625 0.0478515625 0.080078125
0 0.6552734375 0.11279296875 0.078125 0.0986328125
0 0.0673828125 0.1171875 0.076171875 0.08984375
0 0.9306640625 0.6318359375 0.109375 0.138671875
0 0.1845703125 0.29296875 0.103515625 0.140625
0 0.0498046875 0.478515625 0.095703125 0.173828125
0 0.47021484375 0.2353515625 0.0751953125 0.087890625
0 0.20947265625 0.78515625 0.0927734375 0.10546875
0 0.32470703125 0.35888671875 0.1005859375 0.0947265625
0 0.765625 0.0322265625 0.099609375 0.0625
0 0.4619140625 0.92431640625 0.08203125 0.0732421875
