0 0.9150390625 0.9052734375 0.162109375 0.07421875
0 0.982421875 0.06787109375 0.029296875 0.0751953125
0 0.677734375 0.69970703125 0.275390625 0.2216796875
0 0.23583984375 0.50634765625 0.0791015625 0.0869140625
0 0.919921875 0.93310546875 0.0859375 0.1298828125
0 0.09228515625 0.03369140625 0.0869140625 0.0673828125
0 0.224609375 0.27294921875 0.099609375 0.0537109375
0 0.236328125 0.39208984375 0.068359375 0.1298828125
0 0.9521484375 0.1962890625 0.09375 0.16796875
0 0.29736328125 0.03271484375 0.0869140625 0.0654296875
0 0.73681640625 0.431640625 0.1201171875 0.09375
0 0.83349609375 0.0166015625 0.1201171875 0.033203125
0 0.79345703125 0.16015625 0.1025390625 0.126953125
0 0.4443359375 0.2705078125 0.103515625 0.12109375
0 0.78271484375 0.3447265625 0.2255859375 0.201171875
0 0.83056640625 0.73095703125 0.0517578125 0.0419921875
0 0.5888671875 0.4482421875 0.166015625 0.095703125
0 0.96533203125 0.810546875 0.0673828125 0.107421875
0 0.21044921875 0.93310546875 0.2080078125 0.1318359375
0 0.0234375 0.111328125 0.046875 0.12109375
0 0.88671875 0.857421875 0.072265625 0.154296875
0 0.0927734375 0.79345703125 0.140625 0.1259765625
0 0.4716796875 0.0400390625 0.103515625 0.080078125
0 0.76904296875 0.96923828125 0.0947265625 0.0556640625
