0 0.91796875 0.35595703125 0.078125 0.0673828125
0 0.3232421875 0.29638671875 0.07421875 0.0947265625
0 0.1611328125 0.689453125 0.068359375 0.068359375
0 0.1494140625 0.791015625 0.064453125 0.08203125
0 0.28662109375 0.9453125 0.1474609375 0.107421875
0 0.5849609375 0.2509765625 0.1015625 0.1015625
0 0.35986328125 0.021484375 0.1005859375 0.04296875
0 0.68994140625 0.31640625 0.0947265625 0.078125
0 0.92333984375 0.767578125 0.1513671875 0.107421875
0 0.14501953125 0.009765625 0.1005859375 0.01953125
0 0.29638671875 0.47802734375 0.0966796875 0.1416015625
0 0.7265625 0.896484375 0.138671875 0.14453125
0 0.11865234375 0.89111328125 0.1064453125 0.1416015625
0 0.1669921875 0.2568359375 0.14453125 0.083984375
0 0.49462890625 0.91162109375 0.1005859375 0.1767578125
0 0.5859375 0.1865234375 0.072265625 0.06640625
0 0.97119140625 0.2939453125 0.0556640625 0.083984375
0 0.06982421875 0.140625 0.1220703125 0.109375
0 0.2060546875 0.587890625 0.056640625 0.083984375
0 0.43212890625 0.2734375 0.0791015625 0.1328125
0 0.39990234375 0.724609375 0.1201171875 0.1484375
0 0.0185546875 0.8173828125 0.037109375 0.072265625
0 0.7470703125 0.02099609375 0.111328125 0.0419921875
0 0.79248046875 0.1357421875 0.0869140625 0.126953125
0 0.11865234375 0.1669921875 0.1025390625 0.0859375
0 0.4267578125 0.89208984375 0.08203125 0.1650390625
0 0.201171875 0.68017578125 0.05859375 0.0654296875
0 0.62451171875 0.12109375 0.1064453125 0.1015625
0 0.27978515625 0.755859375 0.1533203125 0.080078125
0 0.8037109375 0.60986328125 0.08984375 0.0732421875
0 0.83837890625 0.65478515625 0.0771484375 0.0673828125
0 0.962890625 0.57177734375 0.072265625 0.1005859375
