0 0.6474609375 0.35302734375 0.080078125 0.0888671875
0 0.5673828125 0.45556640625 0.107421875 0.0751953125
0 0.0673828125 0.73291015625 0.107421875 0.1494140625
0 0.38720703125 0.1953125 0.0830078125 0.12109375
0 0.24609375 0.544921875 0.103515625 0.09765625
0 0.95703125 0.2158203125 0.06640625 0.0625
0 0.822265625 0.94970703125 0.095703125 0.0869140625
0 0.06396484375 0.42626953125 0.0966796875 0.1025390625
0 0.1396484375 0.97802734375 0.078125 0.0400390625
0 0.54541015625 0.53515625 0.1044921875 0.087890625
0 0.13720703125 0.1904296875 0.0712890625 0.1875
0 0.5888671875 0.884765625 0.060546875 0.060546875
0 0.8544921875 0.2451171875 0.056640625 0.0859375
0 0.35595703125 0.810546875 0.0673828125 0.05859375
0 0.61279296875 0.01953125 0.0869140625 0.0390625
0 0.259765625 0.03857421875 0.09375 0.0771484375
0 0.12158203125 0.88232421875 0.0771484375 0.0693359375
0 0.9150390625 0.74609375 0.12109375 0.09765625
0 0.287109375 0.76953125 0.1015625 0.158203125
0 0.01953125 0.5146484375 0.0390625 0.0859375
0 0.89697265625 0.02685546875 0.1025390625 0.0537109375
0 0.2373046875 0.15087890625 0.0703125 0.1025390625
0 0.775390625 0.2236328125 0.06640625 0.08984375
0 0.171875 0.669921875 0.091796875 0.083984375
