0 0.12841796875 0.75 0.0673828125 0.05859375
0 0.02978515625 0.9462890625 0.0595703125 0.0625
0 0.16748046875 0.87255859375 0.1162109375 0.1376953125
0 0.74755859375 0.04296875 0.0908203125 0.0859375
0 0.458984375 0.4140625 0.126953125 0.0859375
0 0.56494140625 0.89599609375 0.0712890625 0.1044921875
0 0.62744140625 0.30322265625 0.0966796875 0.1025390625
0 0.14697265625 0.9423828125 0.0869140625 0.111328125
0 0.1513671875 0.611328125 0.12109375 0.1796875
0 0.37744140625 0.83056640625 0.1474609375 0.1845703125
0 0.6689453125 0.4189453125 0.115234375 0.083984375
0 0.4873046875 0.7783203125 0.0703125 0.123046875
0 0.0185546875 0.22998046875 0.037109375 0.0595703125
0 0.5107421875 0.21142578125 0.111328125 0.0927734375
0 0.9306640625 0.775390625 0.06640625 0.14453125
0 0.79736328125 0.861328125 0.0537109375 0.091796875
0 0.26708984375 0.32763671875 0.1123046875 0.1005859375
0 0.216796875 0.19873046875 0.14453125 0.1044921875
0 0.50732421875 0.09814453125 0.1669921875 0.0615234375
0 0.43115234375 0.96630859375 0.1025390625 0.0615234375
0 0.583984375 0.9775390625 0.1875 0.04296875
0 0.72412109375 0.82568359375 0.1513671875 0.0849609375
0 0.234375 0.8671875 0.0625 0.111328125
0 0.9306640625 0.24609375 0.08203125 0.1015625
0 0.2353515625 0.7666015625 0.083984375 0.08984375
0 0.93505859375 0.35986328125 0.1044921875 0.0791015625
0 0.74658203125 0.87744140625 0.0517578125 0.0595703125
