0 0.06103515625 0.26953125 0.1220703125 0.123046875
0 0.59521484375 0.70263671875 0.1025390625 0.0869140625
0 0.7861328125 0.22021484375 0.072265625 0.1044921875
0 0.8603515625 0.65380859375 0.099609375 0.1376953125
0 0.0810546875 0.1318359375 0.09765625 0.119140625
0 0.02978515625 0.46826171875 0.0595703125 0.0693359375
0 0.0283203125 0.10888671875 0.056640625 0.0966796875
0 0.7548828125 0.0986328125 0.10546875 0.130859375
0 0.5849609375 0.84326171875 0.099609375 0.0791015625
0 0.07666015625 0.0517578125 0.1259765625 0.0859375
0 0.1865234375 0.58935546875 0.08203125 0.0771484375
0 0.2099609375 0.49560546875 0.080078125 0.0888671875
0 0.39892578125 0.0361328125 0.0791015625 0.072265625
0 0.21533203125 0.03466796875 0.0732421875 0.0693359375
0 0.41455078125 0.6953125 0.1396484375 0.111328125
0 0.52490234375 0.62353515625 0.1044921875 0.0654296875
0 0.8623046875 0.23828125 0.06640625 0.056640625
0 0.568359375 0.59912109375 0.107421875 0.1005859375
0 0.86865234375 0.95849609375 0.1142578125 0.0810546875
0 0.66357421875 0.1572265625 0.0771484375 0.10546875
0 0.8544921875 0.28564453125 0.1171875 0.0810546875
