0 0.6337890625 0.23681640625 0.138671875 0.1103515625
0 0.8408203125 0.25537109375 0.072265625 0.0732421875
0 0.140625 0.05517578125 0.05859375 0.0751953125
0 0.2939453125 0.294921875 0.087890625 0.0703125
0 0.18017578125 0.90087890625 0.1748046875 0.1259765625
0 0.72607421875 0.8984375 0.1474609375 0.1171875
0 0.90380859375 0.5693359375 0.0927734375 0.08984375
0 0.82666015625 0.07470703125 0.1435546875 0.1005859375
0 0.904296875 0.7890625 0.1796875 0.09765625
0 0.71923828125 0.30810546875 0.0712890625 0.0654296875
0 0.01904296875 0.5751953125 0.0380859375 0.13671875
0 0.50927734375 0.97412109375 0.0849609375 0.0517578125
0 0.552734375 0.0205078125 0.09765625 0.041015625
0 0.9267578125 0.94677734375 0.060546875 0.1025390625
0 0.70703125 0.6328125 0.083984375 0.099609375
0 0.822265625 0.92724609375 0.06640625 0.0966796875
0 0.1376953125 0.96337890625 0.07421875 0.0732421875
0 0.7392578125 0.4208984375 0.107421875 0.072265625
0 0.25390625 0.638671875 0.208984375 0.107421875
0 0.8544921875 0.693359375 0.0859375 0.1328125
0 0.18310546875 0.5283203125 0.0537109375 0.05859375
0 0.72119140625 0.501953125 0.0615234375 0.056640625
0 0.5634765625 0.4658203125 0.09375 0.078125
0 0.0693359375 0.87451171875 0.138671875 0.1474609375
0 0.05029296875 0.962890625 0.0810546875 0.07421875
0 0.77587890625 0.3359375 0.0615234375 0.048828125
0 0.4384765625 0.666015625 0.083984375 0.12890625
0 0.97119140625 0.521484375 0.0556640625 0.087890625
0 0.3798828125 0.10693359375 0.095703125 0.1005859375
0 0.79638671875 0.71923828125 0.0888671875 0.1318359375
0 0.05908203125 0.68798828125 0.1181640625 0.1044921875
