0 0.05517578125 0.21923828125 0.0615234375 0.0634765625
0 0.61279296875 0.91015625 0.0615234375 0.103515625
0 0.02490234375 0.82470703125 0.0498046875 0.1005859375
0 0.943359375 0.38916015625 0.111328125 0.1279296875
0 0.0390625 0.607421875 0.078125 0.19921875
0 0.76220703125 0.498046875 0.0869140625 0.123046875
0 0.40087890625 0.619140625 0.1123046875 0.19140625
0 0.81298828125 0.224609375 0.1494140625 0.12109375
0 0.837890625 0.76806640625 0.0390625 0.1123046875
0 0.1142578125 0.37255859375 0.072265625 0.1201171875
0 0.17431640625 0.169921875 0.1923828125 0.1328125
0 0.04150390625 0.36328125 0.0830078125 0.154296875
0 0.654296875 0.46337890625 0.111328125 0.1357421875
0 0.07373046875 0.6962890625 0.1474609375 0.126953125
0 0.92724609375 0.0419921875 0.1201171875 0.08203125
0 0.29638671875 0.19873046875 0.1533203125 0.1494140625
0 0.22119140625 0.9599609375 0.1064453125 0.076171875
0 0.04833984375 0.07373046875 0.0966796875 0.0634765625
0 0.21728515625 0.0556640625 0.2001953125 0.107421875
0 0.6748046875 0.89111328125 0.12109375 0.1904296875
0 0.5166015625 0.5244140625 0.177734375 0.115234375
0 0.3359375 0.3759765625 0.111328125 0.1328125
0 0.279296875 0.5263671875 0.173828125 0.1015625
0 0.84033203125 0.9404296875 0.1025390625 0.115234375
0 0.93896484375 0.6435546875 0.1083984375 0.150390625
0 0.92041015625 0.1201171875 0.0693359375 0.0703125
0 0.3388671875 0.263671875 0.2109375 0.078125
