0 0.50439453125 0.4033203125 0.0712890625 0.0703125
0 0.552734375 0.63720703125 0.080078125 0.0810546875
0 0.87451171875 0.26123046875 0.0966796875 0.1318359375
0 0.27490234375 0.27734375 0.1123046875 0.08984375
0 0.1318359375 0.87451171875 0.060546875 0.1025390625
0 0.96533203125 0.95703125 0.0673828125 0.083984375
0 0.81787109375 0.0712890625 0.1103515625 0.080078125
0 0.685546875 0.09912109375 0.091796875 0.0947265625
0 0.16162109375 0.9287109375 0.0654296875 0.095703125
0 0.3984375 0.04296875 0.10546875 0.083984375
0 0.66943359375 0.06689453125 0.0947265625 0.1005859375
0 0.0283203125 0.6181640625 0.056640625 0.0703125
0 0.40283203125 0.89013671875 0.0654296875 0.0654296875
0 0.27587890625 0.17578125 0.1279296875 0.09765625
0 0.75341796875 0.69287109375 0.0791015625 0.0712890625
0 0.53173828125 0.13916015625 0.0986328125 0.1044921875
0 0.38037109375 0.78955078125 0.1044921875 0.0830078125
