0 0.96875 0.70361328125 0.060546875 0.0673828125
0 0.9404296875 0.14599609375 0.11328125 0.0634765625
0 0.77099609375 0.1572265625 0.0771484375 0.1171875
0 0.73046875 0.30126953125 0.115234375 0.2158203125
0 0.68505859375 0.037109375 0.2724609375 0.07421875
0 0.49267578125 0.11669921875 0.1357421875 0.1279296875
0 0.60546875 0.37255859375 0.171875 0.1455078125
0 0.06396484375 0.49609375 0.1279296875 0.12109375
0 0.279296875 0.04443359375 0.0859375 0.0888671875
0 0.13623046875 0.7529296875 0.0986328125 0.12890625
0 0.03076171875 0.61669921875 0.0615234375 0.1357421875
0 0.07958984375 0.10546875 0.1259765625 0.08203125
0 0.85595703125 0.1650390625 0.1416015625 0.052734375
0 0.1533203125 0.85107421875 0.09375 0.1044921875
0 0.24755859375 0.38330078125 0.1064453125 0.1025390625
0 0.5458984375 0.95068359375 0.0703125 0.0986328125
0 0.9208984375 0.37060546875 0.15625 0.0849609375
0 0.45703125 0.90673828125 0.17578125 0.0771484375
0 0.33056640625 0.3330078125 0.0771484375 0.080078125
0 0.42578125 0.34619140625 0.119140625 0.0810546875
0 0.21240234375 0.89111328125 0.1123046875 0.0849609375
0 0.96337890625 0.09619140625 0.0712890625 0.0830078125
0 0.25048828125 0.1220703125 0.0947265625 0.20703125
0 0.728515625 0.09130859375 0.0546875 0.0595703125
