0 0.63623046875 0.83935546875 0.1142578125 0.0595703125
0 0.9384765625 0.19873046875 0.12109375 0.0927734375
0 0.96337890625 0.28076171875 0.0712890625 0.0791015625
0 0.25927734375 0.58935546875 0.1064453125 0.0751953125
0 0.50634765625 0.841796875 0.1572265625 0.1015625
0 0.744140625 0.47607421875 0.08984375 0.0849609375
0 0.80078125 0.0654296875 0.115234375 0.103515625
0 0.80419921875 0.7099609375 0.1240234375 0.107421875
0 0.44482421875 0.58447265625 0.0849609375 0.0791015625
0 0.77294921875 0.94873046875 0.1572265625 0.0986328125
0 0.48486328125 0.9697265625 0.0966796875 0.0546875
0 0.57470703125 0.748046875 0.1123046875 0.08984375
0 0.05908203125 0.9345703125 0.1181640625 0.103515625
0 0.8857421875 0.50048828125 0.14453125 0.0830078125
0 0.53662109375 0.40625 0.1142578125 0.09765625
0 0.19970703125 0.13232421875 0.0576171875 0.0966796875
0 0.05322265625 0.1240234375 0.0927734375 0.1015625
0 0.64892578125 0.05419921875 0.0908203125 0.0791015625
0 0.3056640625 0.3037109375 0.11328125 0.103515625
0 0.30712890625 0.68212890625 0.1181640625 0.0947265625
0 0.970703125 0.142578125 0.056640625 0.08203125
0 0.18359375 0.845703125 0.12109375 0.099609375
0 0.962890625 0.029296875 0.072265625 0.05859375
0 0.58740234375 0.939453125 0.1279296875 0.083984375
0 0.9736328125 0.62060546875 0.05078125 0.1181640625
