0 0.78759765625 0.97314453125 0.1103515625 0.0517578125
0 0.2529296875 0.1357421875 0.140625 0.12109375
0 0.36328125 0.89990234375 0.09375 0.0908203125
0 0.666015625 0.86083984375 0.12109375 0.1181640625
0 0.3310546875 0.63330078125 0.107421875 0.1298828125
0 0.08544921875 0.76171875 0.0849609375 0.1015625
0 0.7392578125 0.12744140625 0.138671875 0.0947265625
0 0.10693359375 0.09716796875 0.1259765625 0.1669921875
0 0.58203125 0.03173828125 0.1484375 0.0634765625
0 0.93505859375 0.537109375 0.1279296875 0.10546875
0 0.97216796875 0.9794921875 0.0537109375 0.0390625
0 0.671875 0.4072265625 0.076171875 0.09375
0 0.193359375 0.64794921875 0.09765625 0.0927734375
0 0.70556640625 0.466796875 0.0771484375 0.072265625
0 0.5947265625 0.96826171875 0.119140625 0.0595703125
0 0.20751953125 0.77978515625 0.1298828125 0.1025390625
0 0.93310546875 0.26171875 0.1044921875 0.130859375
0 0.96923828125 0.767578125 0.0595703125 0.09765625
0 0.51025390625 0.08740234375 0.0966796875 0.0810546875
0 0.23974609375 0.5888671875 0.0908203125 0.08984375
0 0.361328125 0.25341796875 0.06640625 0.1455078125
0 0.2275390625 0.9375 0.09375 0.1015625
0 0.77685546875 0.23779296875 0.1318359375 0.0693359375
0 0.205078125 0.2978515625 0.05859375 0.138671875
0 0.81640625 0.3603515625 0.1484375 0.083984375
