0 0.5771484375 0.6923828125 0.068359375 0.11328125
0 0.6787109375 0.87060546875 0.08203125 0.1376953125
0 0.34423828125 0.63671875 0.1220703125 0.083984375
0 0.2236328125 0.833984375 0.1015625 0.150390625
0 0.22802734375 0.9326171875 0.1474609375 0.134765625
0 0.67431640625 0.6923828125 0.0849609375 0.083984375
0 0.80419921875 0.6904296875 0.0615234375 0.0546875
0 0.53564453125 0.17431640625 0.0908203125 0.1220703125
0 0.19384765625 0.10107421875 0.0673828125 0.0732421875
0 0.0595703125 0.6103515625 0.07421875 0.08203125
0 0.697265625 0.7607421875 0.154296875 0.119140625
0 0.638671875 0.59228515625 0.109375 0.0712890625
0 0.849609375 0.21923828125 0.154296875 0.0810546875
0 0.220703125 0.31884765625 0.169921875 0.1005859375
0 0.1298828125 0.70361328125 0.1015625 0.0634765625
0 0.53955078125 0.75830078125 0.0771484375 0.0654296875
0 0.7529296875 0.21875 0.080078125 0.080078125
0 0.6748046875 0.46826171875 0.078125 0.0673828125
0 0.416015625 0.19091796875 0.189453125 0.0986328125
0 0.044921875 0.59033203125 0.08984375 0.1240234375
0 0.36279296875 0.2412109375 0.0947265625 0.080078125
0 0.90771484375 0.06494140625 0.1318359375 0.0595703125
0 0.720703125 0.51513671875 0.1015625 0.1494140625
0 0.353515625 0.71484375 0.091796875 0.09375
0 0.123046875 0.50732421875 0.09375 0.0908203125
0 0.201171875 0.39501953125 0.1328125 0.0888671875
0 0.43359375 0.45654296875 0.064453125 0.1435546875
