0 0.13720703125 0.25634765625 0.1474609375 0.0869140625
0 0.9755859375 0.27880859375 0.048828125 0.0810546875
0 0.4892578125 0.31884765625 0.068359375 0.1806640625
0 0.3447265625 0.84228515625 0.13671875 0.0537109375
0 0.36962890625 0.05029296875 0.1064453125 0.0986328125
0 0.5234375 0.2998046875 0.162109375 0.119140625
0 0.59228515625 0.7080078125 0.1982421875 0.111328125
0 0.75146484375 0.52294921875 0.2275390625 0.0849609375
0 0.88037109375 0.59716796875 0.1259765625 0.0654296875
0 0.06396484375 0.17041015625 0.1279296875 0.0810546875
0 0.39794921875 0.515625 0.0732421875 0.13671875
0 0.59521484375 0.38427734375 0.0673828125 0.1220703125
0 0.2841796875 0.033203125 0.083984375 0.06640625
0 0.78955078125 0.75537109375 0.1083984375 0.0771484375
0 0.44677734375 0.05078125 0.0966796875 0.1015625
0 0.384765625 0.16943359375 0.14453125 0.0654296875
0 0.97265625 0.5478515625 0.052734375 0.150390625
0 0.2373046875 0.9658203125 0.091796875 0.064453125
0 0.15966796875 0.884765625 0.1240234375 0.18359375
0 0.78955078125 0.931640625 0.2080078125 0.125
0 0.9111328125 0.38232421875 0.07421875 0.1923828125
0 0.40185546875 0.83447265625 0.1533203125 0.1142578125
0 0.9619140625 0.876953125 0.07421875 0.169921875
0 0.697265625 0.59375 0.0859375 0.095703125
0 0.3330078125 0.9111328125 0.154296875 0.09765625
0 0.9453125 0.74609375 0.09375 0.076171875
