0 0.65478515625 0.25341796875 0.0556640625 0.0986328125
0 0.59375 0.630859375 0.080078125 0.076171875
0 0.1748046875 0.87548828125 0.12109375 0.0947265625
0 0.30908203125 0.4716796875 0.0634765625 0.107421875
0 0.2529296875 0.52734375 0.0859375 0.123046875
0 0.83837890625 0.07568359375 0.1123046875 0.1513671875
0 0.01806640625 0.66845703125 0.0361328125 0.0810546875
0 0.48486328125 0.09716796875 0.0966796875 0.1279296875
0 0.05322265625 0.4697265625 0.0810546875 0.09375
0 0.49169921875 0.94580078125 0.1162109375 0.1064453125
0 0.6875 0.15673828125 0.115234375 0.1279296875
0 0.4453125 0.73681640625 0.11328125 0.1162109375
0 0.138671875 0.98095703125 0.087890625 0.0361328125
0 0.07421875 0.6640625 0.076171875 0.13671875
0 0.5576171875 0.74169921875 0.09375 0.1259765625
0 0.390625 0.38623046875 0.107421875 0.1044921875
0 0.71630859375 0.02001953125 0.0751953125 0.0400390625
0 0.9697265625 0.0458984375 0.05859375 0.08984375
0 0.89208984375 0.9033203125 0.1240234375 0.119140625
0 0.69189453125 0.8896484375 0.1396484375 0.119140625
0 0.1513671875 0.59423828125 0.123046875 0.1103515625
