0 0.392578125 0.076171875 0.095703125 0.1484375
0 0.05810546875 0.53662109375 0.1162109375 0.0927734375
0 0.15869140625 0.95654296875 0.1455078125 0.0849609375
0 0.671875 0.453125 0.09375 0.158203125
0 0.60302734375 0.11767578125 0.1708984375 0.1142578125
0 0.46875 0.4755859375 0.083984375 0.16796875
0 0.38671875 0.9580078125 0.115234375 0.08203125
0 0.5537109375 0.2138671875 0.1640625 0.19921875
0 0.55322265625 0.96923828125 0.1279296875 0.0576171875
0 0.86474609375 0.47509765625 0.1650390625 0.1201171875
0 0.93505859375 0.97607421875 0.1044921875 0.0458984375
0 0.14599609375 0.3125 0.1123046875 0.220703125
0 0.61865234375 0.29443359375 0.0654296875 0.0576171875
0 0.05908203125 0.6494140625 0.1181640625 0.107421875
0 0.80126953125 0.83251953125 0.1396484375 0.0888671875
0 0.578125 0.4443359375 0.080078125 0.087890625
0 0.85986328125 0.0498046875 0.1826171875 0.09765625
0 0.1845703125 0.79345703125 0.09765625 0.0830078125
0 0.806640625 0.31005859375 0.111328125 0.0908203125
0 0.5458984375 0.4208984375 0.068359375 0.080078125
0 0.85888671875 0.90869140625 0.1376953125 0.1162109375
0 0.90283203125 0.14453125 0.1064453125 0.08984375
0 0.34130859375 0.29248046875 0.0830078125 0.1025390625
0 0.98095703125 0.74755859375 0.0341796875 0.0791015625
0 0.7470703125 0.27001953125 0.109375 0.1572265625
0 0.5908203125 0.3466796875 0.12109375 0.08203125
