0 0.62158203125 0.6552734375 0.1025390625 0.087890625
0 0.35693359375 0.09814453125 0.0673828125 0.0771484375
0 0.2333984375 0.42822265625 0.140625 0.0908203125
0 0.01416015625 0.31005859375 0.0283203125 0.1162109375
0 0.52197265625 0.24853515625 0.1064453125 0.0947265625
0 0.20751953125 0.25 0.1181640625 0.083984375
0 0.982421875 0.74609375 0.03515625 0.080078125
0 0.96875 0.35302734375 0.060546875 0.0849609375
0 0.80810546875 0.41552734375 0.1162109375 0.0869140625
0 0.71337890625 0.9384765625 0.1455078125 0.095703125
0 0.3857421875 0.5380859375 0.107421875 0.142578125
0 0.5625 0.3583984375 0.0703125 0.078125
0 0.7783203125 0.1162109375 0.06640625 0.08984375
0 0.53564453125 0.822265625 0.1064453125 0.130859375
0 0.0380859375 0.197265625 0.076171875 0.09375
0 0.04150390625 0.51123046875 0.0830078125 0.0908203125
0 0.63623046875 0.45947265625 0.1025390625 0.0927734375
0 0.94384765625 0.056640625 0.0712890625 0.068359375
0 0.669921875 0.6298828125 0.083984375 0.076171875
0 0.27099609375 0.033203125 0.1044921875 0.064453125
0 0.10986328125 0.3828125 0.1552734375 0.103515625
0 0.13134765625 0.822265625 0.1826171875 0.078125
