0 0.380859375 0.087890625 0.078125 0.146484375
0 0.4775390625 0.0947265625 0.099609375 0.125
0 0.4150390625 0.21533203125 0.1484375 0.1494140625
0 0.3720703125 0.85107421875 0.10546875 0.1474609375
0 0.7314453125 0.95654296875 0.13671875 0.0791015625
0 0.50244140625 0.96923828125 0.0947265625 0.0595703125
0 0.69287109375 0.72119140625 0.1005859375 0.0791015625
0 0.50048828125 0.419921875 0.0966796875 0.103515625
0 0.9072265625 0.7744140625 0.18359375 0.11328125
0 0.40869140625 0.048828125 0.0888671875 0.095703125
0 0.54150390625 0.02294921875 0.1064453125 0.0458984375
0 0.91796875 0.291015625 0.162109375 0.1015625
0 0.31201171875 0.419921875 0.1416015625 0.189453125
0 0.18505859375 0.87939453125 0.0830078125 0.1650390625
0 0.095703125 0.7119140625 0.12890625 0.095703125
0 0.4326171875 0.4873046875 0.14453125 0.171875
0 0.85888671875 0.0302734375 0.0771484375 0.060546875
0 0.5810546875 0.216796875 0.060546875 0.125
0 0.87890625 0.873046875 0.21875 0.1171875
0 0.580078125 0.05908203125 0.052734375 0.0556640625
0 0.55224609375 0.28857421875 0.0830078125 0.0927734375
0 0.6240234375 0.19189453125 0.08984375 0.1826171875
0 0.04833984375 0.1357421875 0.0966796875 0.123046875
0 0.4697265625 0.87451171875 0.072265625 0.0791015625
0 0.9736328125 0.06640625 0.044921875 0.07421875
0 0.619140625 0.93896484375 0.193359375 0.0869140625
0 0.9482421875 0.52685546875 0.0546875 0.0830078125
0 0.08935546875 0.97412109375 0.0751953125 0.0517578125
0 0.09130859375 0.23046875 0.0791015625 0.068359375
0 0.5439453125 0.78955078125 0.080078125 0.0673828125
0 0.2001953125 0.74560546875 0.09375 0.0966796875
0 0.94091796875 0.94873046875 0.1162109375 0.0986328125
