0 0.93798828125 0.9599609375 0.1220703125 0.076171875
0 0.03955078125 0.70263671875 0.0791015625 0.0810546875
0 0.7763671875 0.0595703125 0.080078125 0.1171875
0 0.21875 0.27783203125 0.095703125 0.0810546875
0 0.70166015625 0.91455078125 0.0966796875 0.1162109375
0 0.13916015625 0.48486328125 0.1064453125 0.1083984375
0 0.04150390625 0.14501953125 0.0830078125 0.0654296875
0 0.64111328125 0.970703125 0.0830078125 0.056640625
0 0.568359375 0.1318359375 0.11328125 0.173828125
0 0.63623046875 0.24560546875 0.0810546875 0.1259765625
0 0.79541015625 0.51220703125 0.2392578125 0.1240234375
0 0.72216796875 0.75048828125 0.1318359375 0.0849609375
0 0.3681640625 0.93896484375 0.07421875 0.1201171875
0 0.1328125 0.3427734375 0.17578125 0.123046875
0 0.04248046875 0.92138671875 0.0849609375 0.1533203125
0 0.27587890625 0.88134765625 0.0869140625 0.0927734375
0 0.94970703125 0.3984375 0.1005859375 0.08984375
0 0.0830078125 0.7568359375 0.154296875 0.091796875
0 0.5322265625 0.837890625 0.052734375 0.060546875
0 0.18603515625 0.103515625 0.1201171875 0.15234375
0 0.6357421875 0.76318359375 0.087890625 0.0751953125
0 0.75439453125 0.39697265625 0.0615234375 0.0732421875
0 0.93408203125 0.81884765625 0.1201171875 0.0810546875
0 0.44384765625 0.39599609375 0.0751953125 0.0869140625
0 0.2197265625 0.4765625 0.08203125 0.076171875
