0 0.9375 0.599609375 0.078125 0.091796875
0 0.13720703125 0.2451171875 0.0966796875 0.0703125
0 0.04150390625 0.43896484375 0.0537109375 0.0498046875
0 0.80517578125 0.1591796875 0.1181640625 0.083984375
0 0.43017578125 0.9140625 0.0712890625 0.0625
0 0.49072265625 0.56787109375 0.0732421875 0.0869140625
0 0.744140625 0.50244140625 0.0546875 0.0732421875
0 0.466796875 0.97802734375 0.083984375 0.0439453125
0 0.0625 0.35302734375 0.119140625 0.0927734375
0 0.17919921875 0.6181640625 0.0517578125 0.046875
0 0.55615234375 0.7412109375 0.1357421875 0.07421875
0 0.0869140625 0.3017578125 0.046875 0.06640625
0 0.33447265625 0.20849609375 0.0927734375 0.1044921875
0 0.58544921875 0.7783203125 0.0791015625 0.07421875
0 0.19580078125 0.08544921875 0.1142578125 0.0849609375
0 0.78076171875 0.98388671875 0.1142578125 0.0322265625
0 0.47705078125 0.673828125 0.0849609375 0.078125
0 0.3115234375 0.376953125 0.078125 0.08984375
0 0.70263671875 0.42333984375 0.1142578125 0.0673828125
0 0.56591796875 0.0859375 0.0615234375 0.083984375
0 0.54736328125 0.966796875 0.1279296875 0.06640625
0 0.06298828125 0.51171875 0.1259765625 0.0859375
0 0.41064453125 0.25244140625 0.0849609375 0.0732421875
0 0.783203125 0.2587890625 0.130859375 0.07421875
0 0.640625 0.4833984375 0.126953125 0.091796875
0 0.40234375 0.86865234375 0.078125 0.0615234375
0 0.150390625 0.9384765625 0.10546875 0.083984375
0 0.8740234375 0.865234375 0.076171875 0.06640625
0 0.43798828125 0.5458984375 0.0908203125 0.09765625
0 0.50439453125 0.857421875 0.0751953125 0.046875
0 0.9736328125 0.71826171875 0.05078125 0.1240234375
0 0.71875 0.09033203125 0.08203125 0.0888671875
0 0.68505859375 0.11083984375 0.0830078125 0.0751953125
0 0.9111328125 0.98583984375 0.060546875 0.0283203125
0 0.94775390625 0.80810546875 0.0576171875 0.0771484375
0 0.02587890625 0.5439453125 0.0517578125 0.0703125
0 0.0244140625 0.9658203125 0.048828125 0.064453125
