0 0.748046875 0.173828125 0.158203125 0.0625
0 0.58203125 0.27734375 0.12109375 0.134765625
0 0.3017578125 0.08056640625 0.19140625 0.1591796875
0 0.95068359375 0.775390625 0.0771484375 0.076171875
0 0.912109375 0.2060546875 0.13671875 0.09765625
0 0.83154296875 0.296875 0.0810546875 0.15234375
0 0.65576171875 0.5869140625 0.1376953125 0.115234375
0 0.45947265625 0.35986328125 0.0732421875 0.0654296875
0 0.96435546875 0.046875 0.0673828125 0.0625
0 0.77880859375 0.888671875 0.0791015625 0.09375
0 0.935546875 0.517578125 0.126953125 0.16796875
0 0.0234375 0.517578125 0.046875 0.080078125
0 0.3857421875 0.37451171875 0.138671875 0.0927734375
0 0.65234375 0.91650390625 0.091796875 0.1025390625
0 0.05029296875 0.123046875 0.1005859375 0.091796875
0 0.03125 0.20751953125 0.0625 0.1220703125
0 0.482421875 0.91259765625 0.09375 0.1572265625
0 0.0224609375 0.94384765625 0.044921875 0.0810546875
0 0.88623046875 0.72607421875 0.1142578125 0.1181640625
0 0.134765625 0.888671875 0.0859375 0.111328125
0 0.09326171875 0.34326171875 0.1240234375 0.0986328125
0 0.04931640625 0.39599609375 0.0986328125 0.0830078125
0 0.1513671875 0.2119140625 0.158203125 0.08984375
0 0.13623046875 0.4892578125 0.0947265625 0.16796875
0 0.22509765625 0.94873046875 0.1259765625 0.0966796875
0 0.30810546875 0.4462890625 0.1826171875 0.10546875
0 0.59033203125 0.66455078125 0.1748046875 0.1513671875
0 0.2080078125 0.703125 0.193359375 0.248046875
