0 0.2041015625 0.51171875 0.119140625 0.099609375
0 0.1474609375 0.87060546875 0.087890625 0.0830078125
0 0.87548828125 0.48291015625 0.0556640625 0.0517578125
0 0.07470703125 0.5537109375 0.1044921875 0.169921875
0 0.3515625 0.26708984375 0.173828125 0.1337890625
0 0.0380859375 0.81884765625 0.076171875 0.0927734375
0 0.5712890625 0.654296875 0.06640625 0.109375
0 0.70556640625 0.41455078125 0.0810546875 0.0732421875
0 0.8408203125 0.8349609375 0.126953125 0.130859375
0 0.244140625 0.9619140625 0.13671875 0.0703125
0 0.2275390625 0.4345703125 0.12109375 0.12109375
0 0.49609375 0.892578125 0.13671875 0.09765625
0 0.6875 0.16015625 0.13671875 0.1171875
0 0.56103515625 0.087890625 0.0908203125 0.138671875
0 0.0390625 0.771484375 0.076171875 0.060546875
0 0.12451171875 0.93896484375 0.0576171875 0.0634765625
0 0.1943359375 0.72607421875 0.10546875 0.1376953125
0 0.9599609375 0.6767578125 0.078125 0.095703125
0 0.267578125 0.580078125 0.068359375 0.083984375
0 0.04248046875 0.6357421875 0.0849609375 0.1015625
0 0.841796875 0.95458984375 0.0859375 0.0849609375
0 0.4150390625 0.47705078125 0.09375 0.0732421875
0 0.625 0.02392578125 0.13671875 0.0478515625
0 0.46044921875 0.68212890625 0.1025390625 0.0732421875
0 0.10400390625 0.173828125 0.0634765625 0.05859375
0 0.62255859375 0.78564453125 0.0791015625 0.1142578125
0 0.154296875 0.03857421875 0.080078125 0.0771484375
0 0.5 0.57177734375 0.12109375 0.0927734375
0 0.55859375 0.42626953125 0.06640625 0.0693359375
0 0.40234375 0.3974609375 0.203125 0.11328125
0 0.96826171875 0.39013671875 0.0615234375 0.1435546875
0 0.57568359375 0.21826171875 0.1474609375 0.1142578125
0 0.8955078125 0.31689453125 0.09765625 0.1220703125
0 0.697265625 0.7158203125 0.10546875 0.1015625
