0 0.6943359375 0.18359375 0.1015625 0.140625
0 0.8095703125 0.19091796875 0.1015625 0.1552734375
0 0.2353515625 0.01611328125 0.09375 0.0322265625
0 0.58837890625 0.08251953125 0.1025390625 0.1162109375
0 0.63671875 0.79248046875 0.107421875 0.1181640625
0 0.37060546875 0.97265625 0.0888671875 0.0546875
0 0.7333984375 0.68115234375 0.078125 0.0634765625
0 0.8203125 0.8037109375 0.087890625 0.0859375
0 0.10205078125 0.08056640625 0.1787109375 0.1552734375
0 0.6337890625 0.890625 0.0703125 0.078125
0 0.06005859375 0.26708984375 0.0966796875 0.1376953125
0 0.732421875 0.37939453125 0.091796875 0.1181640625
0 0.67529296875 0.50048828125 0.1181640625 0.1025390625
0 0.75732421875 0.85693359375 0.1044921875 0.0966796875
0 0.02099609375 0.1982421875 0.0419921875 0.07421875
0 0.85205078125 0.29150390625 0.1279296875 0.0830078125
0 0.623046875 0.2529296875 0.068359375 0.060546875
0 0.736328125 0.97021484375 0.08984375 0.0595703125
0 0.55517578125 0.91796875 0.0888671875 0.099609375
0 0.50830078125 0.294921875 0.1298828125 0.181640625
0 0.369140625 0.61083984375 0.08984375 0.0830078125
0 0.775390625 0.919921875 0.20703125 0.0859375
0 0.140625 0.5615234375 0.11328125 0.126953125
0 0.072265625 0.43603515625 0.14453125 0.1181640625
0 0.158203125 0.75927734375 0.1328125 0.0771484375
0 0.19287109375 0.41015625 0.1533203125 0.099609375
0 0.0517578125 0.71240234375 0.103515625 0.1357421875
0 0.66357421875 0.39892578125 0.0732421875 0.0849609375
