0 0.7607421875 0.876953125 0.08984375 0.12109375
0 0.703125 0.4619140625 0.115234375 0.11328125
0 0.935546875 0.9130859375 0.126953125 0.169921875
0 0.94140625 0.80517578125 0.115234375 0.0576171875
0 0.9638671875 0.40283203125 0.0703125 0.1162109375
0 0.63818359375 0.7685546875 0.0791015625 0.095703125
0 0.48583984375 0.04248046875 0.0830078125 0.0849609375
0 0.09814453125 0.201171875 0.0771484375 0.142578125
0 0.080078125 0.7861328125 0.115234375 0.087890625
0 0.4873046875 0.490234375 0.10546875 0.21484375
0 0.59814453125 0.3720703125 0.1025390625 0.130859375
0 0.20849609375 0.90234375 0.0830078125 0.099609375
0 0.931640625 0.02685546875 0.134765625 0.0517578125
0 0.947265625 0.78662109375 0.103515625 0.1083984375
0 0.14404296875 0.43017578125 0.0927734375 0.0771484375
0 0.50537109375 0.25732421875 0.0732421875 0.0712890625
0 0.69384765625 0.20068359375 0.0888671875 0.1513671875
0 0.76318359375 0.548828125 0.0849609375 0.068359375
0 0.427734375 0.17236328125 0.087890625 0.0927734375
0 0.322265625 0.1064453125 0.119140625 0.212890625
0 0.056640625 0.923828125 0.11328125 0.119140625
0 0.146484375 0.3505859375 0.103515625 0.083984375
0 0.37255859375 0.37890625 0.0947265625 0.10546875
0 0.05078125 0.04638671875 0.06640625 0.0927734375
0 0.52392578125 0.75390625 0.0947265625 0.142578125
0 0.10009765625 0.66455078125 0.0732421875 0.1162109375
