0 0.1533203125 0.5810546875 0.09375 0.08984375
0 0.33544921875 0.5947265625 0.1162109375 0.09765625
0 0.38916015625 0.6962890625 0.0927734375 0.064453125
0 0.89306640625 0.54541015625 0.1884765625 0.0791015625
0 0.5029296875 0.65380859375 0.08984375 0.1533203125
0 0.5859375 0.53515625 0.19140625 0.134765625
0 0.099609375 0.453125 0.083984375 0.08203125
0 0.92822265625 0.43359375 0.0947265625 0.123046875
0 0.23974609375 0.6533203125 0.1083984375 0.125
0 0.07373046875 0.06298828125 0.0888671875 0.1259765625
0 0.04345703125 0.87744140625 0.0869140625 0.0849609375
0 0.6728515625 0.916015625 0.05078125 0.048828125
0 0.5888671875 0.36572265625 0.111328125 0.1142578125
0 0.9716796875 0.853515625 0.0546875 0.13671875
0 0.5537109375 0.740234375 0.080078125 0.091796875
0 0.765625 0.68994140625 0.072265625 0.0888671875
0 0.9580078125 0.05810546875 0.0625 0.1005859375
0 0.4501953125 0.185546875 0.11328125 0.05859375
0 0.10986328125 0.5205078125 0.0751953125 0.072265625
0 0.8857421875 0.89404296875 0.1953125 0.1748046875
0 0.22607421875 0.55419921875 0.0927734375 0.0966796875
0 0.8076171875 0.380859375 0.083984375 0.0859375
0 0.04443359375 0.96923828125 0.0888671875 0.0595703125
0 0.4638671875 0.4580078125 0.083984375 0.076171875
0 0.8349609375 0.2841796875 0.1484375 0.06640625
0 0.80322265625 0.8017578125 0.0927734375 0.09765625
0 0.02978515625 0.7607421875 0.0595703125 0.11328125
0 0.92041015625 0.09375 0.1083984375 0.091796875
0 0.90185546875 0.32861328125 0.1396484375 0.1025390625
