0 0.96923828125 0.65869140625 0.0615234375 0.0986328125
0 0.1240234375 0.9404296875 0.2265625 0.115234375
0 0.67822265625 0.25927734375 0.0927734375 0.1181640625
0 0.83251953125 0.12109375 0.1044921875 0.150390625
0 0.9677734375 0.35205078125 0.064453125 0.1357421875
0 0.97802734375 0.20458984375 0.0419921875 0.0947265625
0 0.45849609375 0.53076171875 0.1064453125 0.1025390625
0 0.435546875 0.94189453125 0.115234375 0.1162109375
0 0.80859375 0.755859375 0.13671875 0.109375
0 0.54833984375 0.83447265625 0.0693359375 0.1767578125
0 0.5576171875 0.1162109375 0.1171875 0.08203125
0 0.04736328125 0.05078125 0.0947265625 0.1015625
0 0.109375 0.5146484375 0.115234375 0.138671875
0 0.1787109375 0.82080078125 0.076171875 0.1396484375
0 0.43017578125 0.0810546875 0.1064453125 0.08203125
0 0.69775390625 0.599609375 0.1025390625 0.15234375
0 0.31298828125 0.93505859375 0.0947265625 0.1298828125
0 0.03564453125 0.78662109375 0.0712890625 0.0888671875
