0 0.17529296875 0.3388671875 0.0947265625 0.103515625
0 0.966796875 0.6240234375 0.0625 0.068359375
0 0.4833984375 0.849609375 0.158203125 0.11328125
0 0.34765625 0.03564453125 0.07421875 0.0712890625
0 0.958984375 0.5107421875 0.080078125 0.115234375
0 0.51953125 0.72119140625 0.11328125 0.1298828125
0 0.6005859375 0.32373046875 0.07421875 0.0673828125
0 0.9267578125 0.3671875 0.1328125 0.12890625
0 0.798828125 0.01904296875 0.06640625 0.0361328125
0 0.3759765625 0.36279296875 0.14453125 0.1220703125
0 0.20947265625 0.02197265625 0.0810546875 0.0439453125
0 0.8583984375 0.31640625 0.1640625 0.08203125
0 0.2939453125 0.52734375 0.119140625 0.146484375
0 0.29248046875 0.09521484375 0.0966796875 0.1845703125
0 0.44873046875 0.29931640625 0.1318359375 0.0966796875
0 0.0458984375 0.8896484375 0.091796875 0.099609375
0 0.388671875 0.044921875 0.078125 0.087890625
0 0.93408203125 0.7880859375 0.1298828125 0.083984375
0 0.353515625 0.44921875 0.12890625 0.162109375
0 0.501953125 0.54833984375 0.126953125 0.1162109375
0 0.79248046875 0.7470703125 0.0869140625 0.076171875
0 0.818359375 0.46337890625 0.212890625 0.1240234375
