0 0.92724609375 0.63232421875 0.0869140625 0.1435546875
0 0.7890625 0.08544921875 0.0625 0.1318359375
0 0.03076171875 0.2685546875 0.0615234375 0.134765625
0 0.76708984375 0.03759765625 0.0966796875 0.0751953125
0 0.9833984375 0.2373046875 0.033203125 0.08984375
0 0.6396484375 0.60009765625 0.171875 0.1083984375
0 0.56884765625 0.046875 0.0673828125 0.087890625
0 0.81494140625 0.7109375 0.1533203125 0.087890625
0 0.5107421875 0.0576171875 0.111328125 0.11328125
0 0.6142578125 0.71923828125 0.115234375 0.1044921875
0 0.62109375 0.84765625 0.103515625 0.140625
0 0.75244140625 0.59130859375 0.0830078125 0.0791015625
0 0.19091796875 0.85888671875 0.0771484375 0.0732421875
0 0.61328125 0.24951171875 0.19921875 0.1005859375
0 0.8447265625 0.0576171875 0.076171875 0.083984375
0 0.71875 0.5 0.080078125 0.068359375
0 0.95654296875 0.8046875 0.0849609375 0.07421875
0 0.14990234375 0.15087890625 0.2001953125 0.1025390625
0 0.6220703125 0.0888671875 0.08984375 0.166015625
0 0.1767578125 0.73388671875 0.091796875 0.1123046875
0 0.78955078125 0.2314453125 0.1259765625 0.16796875
0 0.9443359375 0.64697265625 0.109375 0.0908203125
0 0.29052734375 0.0263671875 0.1376953125 0.052734375
0 0.43896484375 0.48388671875 0.1337890625 0.1376953125
0 0.23583984375 0.875 0.1044921875 0.107421875
0 0.5146484375 0.38232421875 0.169921875 0.1044921875
0 0.04638671875 0.96533203125 0.0888671875 0.0693359375
0 0.16748046875 0.80908203125 0.0986328125 0.0986328125
0 0.0703125 0.359375 0.08203125 0.095703125
0 0.65771484375 0.9111328125 0.0947265625 0.0859375
