0 0.21728515625 0.361328125 0.0986328125 0.173828125
0 0.81201171875 0.40478515625 0.1142578125 0.0751953125
0 0.16748046875 0.0888671875 0.1181640625 0.12109375
0 0.7587890625 0.576171875 0.099609375 0.1640625
0 0.12841796875 0.98583984375 0.0732421875 0.0283203125
0 0.35498046875 0.9814453125 0.0927734375 0.03515625
0 0.94677734375 0.703125 0.1044921875 0.109375
0 0.8515625 0.72314453125 0.142578125 0.0869140625
0 0.453125 0.89697265625 0.15625 0.1064453125
0 0.66455078125 0.8115234375 0.1025390625 0.08203125
0 0.63720703125 0.6201171875 0.0791015625 0.060546875
0 0.0478515625 0.4013671875 0.060546875 0.109375
0 0.95556640625 0.2724609375 0.0869140625 0.15625
0 0.68994140625 0.6767578125 0.0986328125 0.09375
0 0.47119140625 0.93603515625 0.0908203125 0.1240234375
0 0.052734375 0.82373046875 0.046875 0.0361328125
0 0.07666015625 0.18017578125 0.1533203125 0.0966796875
0 0.25537109375 0.294921875 0.1240234375 0.125
0 0.23291015625 0.53515625 0.1044921875 0.1015625
0 0.1513671875 0.74072265625 0.10546875 0.1591796875
0 0.04345703125 0.048828125 0.0869140625 0.09765625
0 0.0390625 0.26123046875 0.078125 0.1044921875
0 0.55517578125 0.68701171875 0.1318359375 0.1142578125
0 0.31201171875 0.6328125 0.0908203125 0.0859375
