0 0.77734375 0.9052734375 0.21875 0.060546875
0 0.60546875 0.048828125 0.291015625 0.095703125
0 0.75439453125 0.224609375 0.3154296875 0.0859375
0 0.134765625 0.46484375 0.26953125 0.10546875
0 0.35791015625 0.224609375 0.2041015625 0.087890625
0 0.890625 0.24267578125 0.216796875 0.1455078125
0 0.9267578125 0.53173828125 0.14453125 0.1396484375
0 0.6162109375 0.919921875 0.33203125 0.158203125
0 0.9453125 0.69384765625 0.107421875 0.1416015625
0 0.484375 0.9189453125 0.3984375 0.08984375
0 0.75634765625 0.0322265625 0.1474609375 0.064453125
0 0.12158203125 0.36474609375 0.2431640625 0.1376953125
0 0.89208984375 0.89501953125 0.2138671875 0.2060546875
0 0.2158203125 0.9716796875 0.3359375 0.048828125
0 0.15673828125 0.4384765625 0.1904296875 0.220703125
0 0.18701171875 0.64404296875 0.3154296875 0.0712890625
0 0.86279296875 0.21826171875 0.2724609375 0.2236328125
0 0.240234375 0.1513671875 0.28515625 0.18359375
0 0.14501953125 0.5498046875 0.2900390625 0.09765625
0 0.08056640625 0.35888671875 0.1611328125 0.0830078125
