0 0.0556640625 0.48876953125 0.111328125 0.0908203125
0 0.578125 0.68017578125 0.103515625 0.0927734375
0 0.34814453125 0.17333984375 0.1396484375 0.2041015625
0 0.8759765625 0.30029296875 0.130859375 0.1220703125
0 0.9658203125 0.90966796875 0.068359375 0.1728515625
0 0.98681640625 0.5263671875 0.0263671875 0.1328125
0 0.517578125 0.63037109375 0.158203125 0.1650390625
0 0.86328125 0.0361328125 0.099609375 0.072265625
0 0.38525390625 0.61962890625 0.1591796875 0.0888671875
0 0.20703125 0.21337890625 0.099609375 0.0888671875
0 0.4892578125 0.37109375 0.08203125 0.12109375
0 0.9345703125 0.70166015625 0.095703125 0.1201171875
0 0.50634765625 0.54248046875 0.0693359375 0.1376953125
0 0.0673828125 0.2822265625 0.111328125 0.107421875
0 0.46484375 0.45947265625 0.12109375 0.1259765625
0 0.8984375 0.9697265625 0.080078125 0.05859375
0 0.263671875 0.53662109375 0.115234375 0.1416015625
0 0.9111328125 0.56591796875 0.126953125 0.0947265625
0 0.77001953125 0.74267578125 0.1357421875 0.1064453125
0 0.31396484375 0.92724609375 0.0908203125 0.0751953125
