0 0.84375 0.68212890625 0.1171875 0.0908203125
0 0.03369140625 0.87744140625 0.0673828125 0.1513671875
0 0.546875 0.35498046875 0.0859375 0.0927734375
0 0.28125 0.1748046875 0.111328125 0.123046875
0 0.2822265625 0.89697265625 0.11328125 0.1845703125
0 0.39453125 0.3212890625 0.068359375 0.0703125
0 0.943359375 0.9609375 0.111328125 0.076171875
0 0.7314453125 0.02294921875 0.111328125 0.0458984375
0 0.90380859375 0.2607421875 0.1904296875 0.205078125
0 0.80517578125 0.9296875 0.1455078125 0.103515625
0 0.74072265625 0.7919921875 0.1259765625 0.150390625
0 0.79150390625 0.4755859375 0.2041015625 0.119140625
0 0.88330078125 0.59521484375 0.0986328125 0.1103515625
0 0.369140625 0.0400390625 0.083984375 0.080078125
0 0.83154296875 0.40576171875 0.1396484375 0.0908203125
0 0.4443359375 0.03076171875 0.09375 0.0615234375
0 0.51416015625 0.13623046875 0.1083984375 0.1123046875
0 0.1328125 0.48095703125 0.125 0.0966796875
0 0.8837890625 0.1005859375 0.126953125 0.1484375
0 0.0185546875 0.619140625 0.037109375 0.0625
0 0.626953125 0.76220703125 0.12109375 0.1318359375
0 0.88134765625 0.90966796875 0.1591796875 0.1787109375
0 0.0361328125 0.72265625 0.072265625 0.185546875
0 0.53173828125 0.95703125 0.0927734375 0.078125
0 0.76171875 0.63232421875 0.091796875 0.0947265625
