0 0.87060546875 0.1875 0.1689453125 0.1171875
0 0.10888671875 0.06298828125 0.1826171875 0.1259765625
0 0.505859375 0.53076171875 0.103515625 0.0849609375
0 0.3701171875 0.1181640625 0.177734375 0.109375
0 0.75830078125 0.65576171875 0.1396484375 0.0830078125
0 0.02685546875 0.29052734375 0.0537109375 0.0654296875
0 0.0458984375 0.654296875 0.0859375 0.115234375
0 0.4111328125 0.4140625 0.1328125 0.0859375
0 0.5654296875 0.22900390625 0.115234375 0.1552734375
0 0.15380859375 0.70751953125 0.1259765625 0.0869140625
0 0.66357421875 0.06787109375 0.0615234375 0.0771484375
0 0.5732421875 0.11767578125 0.08984375 0.1279296875
0 0.2890625 0.87060546875 0.091796875 0.0849609375
0 0.93798828125 0.09521484375 0.1220703125 0.0966796875
0 0.20361328125 0.59521484375 0.0947265625 0.1279296875
0 0.07861328125 0.39697265625 0.0595703125 0.1318359375
0 0.9482421875 0.36572265625 0.1015625 0.1376953125
0 0.44775390625 0.62939453125 0.1298828125 0.1259765625
0 0.17041015625 0.33837890625 0.0966796875 0.1181640625
0 0.24609375 0.49365234375 0.07421875 0.0927734375
0 0.298828125 0.373046875 0.0703125 0.0703125
0 0.23779296875 0.21875 0.2060546875 0.123046875
0 0.20458984375 0.0712890625 0.0791015625 0.083984375
0 0.751953125 0.97900390625 0.1171875 0.0380859375
