0 0.818359375 0.16015625 0.2265625 0.185546875
0 0.71240234375 0.45068359375 0.1904296875 0.0869140625
0 0.22314453125 0.83154296875 0.1240234375 0.0947265625
0 0.71337890625 0.67431640625 0.1435546875 0.1396484375
0 0.6494140625 0.54833984375 0.142578125 0.1162109375
0 0.71826171875 0.55029296875 0.1826171875 0.1513671875
0 0.72119140625 0.029296875 0.1005859375 0.056640625
0 0.13037109375 0.68115234375 0.0888671875 0.1884765625
0 0.02978515625 0.52392578125 0.0595703125 0.1279296875
0 0.27099609375 0.2734375 0.1923828125 0.095703125
0 0.0888671875 0.84228515625 0.119140625 0.0966796875
0 0.49658203125 0.19921875 0.0830078125 0.083984375
0 0.03662109375 0.8857421875 0.0732421875 0.087890625
0 0.89599609375 0.5419921875 0.0830078125 0.109375
0 0.0263671875 0.654296875 0.052734375 0.09765625
0 0.83740234375 0.09326171875 0.2236328125 0.1708984375
0 0.5126953125 0.68359375 0.072265625 0.095703125
0 0.78271484375 0.80029296875 0.1162109375 0.1298828125
0 0.06787109375 0.69482421875 0.0732421875 0.1220703125
0 0.3271484375 0.44189453125 0.166015625 0.0966796875
0 0.23583984375 0.1484375 0.0947265625 0.29296875
0 0.509765625 0.7568359375 0.1171875 0.1484375
0 0.2763671875 0.70849609375 0.091796875 0.1396484375
0 0.95166015625 0.54296875 0.0947265625 0.171875
0 0.95654296875 0.822265625 0.0830078125 0.0625
