0 0.8115234375 0.38525390625 0.091796875 0.0908203125
0 0.341796875 0.45654296875 0.068359375 0.0712890625
0 0.486328125 0.97705078125 0.16015625 0.0419921875
0 0.6474609375 0.05517578125 0.12109375 0.1103515625
0 0.28466796875 0.896484375 0.0927734375 0.119140625
0 0.78076171875 0.18505859375 0.1142578125 0.0849609375
0 0.79150390625 0.31591796875 0.1298828125 0.0908203125
0 0.3916015625 0.60107421875 0.123046875 0.0986328125
0 0.3349609375 0.4228515625 0.12890625 0.076171875
0 0.14306640625 0.85791015625 0.1513671875 0.1005859375
0 0.14453125 0.29345703125 0.15625 0.1611328125
0 0.95166015625 0.94970703125 0.0947265625 0.0947265625
0 0.873046875 0.5498046875 0.103515625 0.080078125
0 0.939453125 0.38916015625 0.08984375 0.0693359375
0 0.70263671875 0.26513671875 0.0966796875 0.1044921875
0 0.38818359375 0.79248046875 0.0654296875 0.0791015625
0 0.69677734375 0.42529296875 0.0732421875 0.0791015625
0 0.50146484375 0.2734375 0.1220703125 0.111328125
0 0.06298828125 0.1005859375 0.0947265625 0.126953125
0 0.7919921875 0.498046875 0.087890625 0.08203125
0 0.103515625 0.93701171875 0.20703125 0.1240234375
0 0.59521484375 0.095703125 0.0849609375 0.109375
0 0.35107421875 0.3271484375 0.1279296875 0.123046875
0 0.591796875 0.25244140625 0.080078125 0.1279296875
0 0.29248046875 0.96337890625 0.0927734375 0.0673828125
