0 0.51123046875 0.02783203125 0.0771484375 0.0556640625
0 0.6796875 0.61474609375 0.103515625 0.0791015625
0 0.85400390625 0.0517578125 0.0986328125 0.099609375
0 0.33154296875 0.966796875 0.1689453125 0.064453125
0 0.44287109375 0.6494140625 0.1181640625 0.107421875
0 0.5263671875 0.27880859375 0.14453125 0.1318359375
0 0.14404296875 0.86962890625 0.1845703125 0.1025390625
0 0.9326171875 0.8173828125 0.1328125 0.080078125
0 0.814453125 0.77490234375 0.060546875 0.0751953125
0 0.01953125 0.11083984375 0.0390625 0.0966796875
0 0.0517578125 0.54052734375 0.103515625 0.1318359375
0 0.73681640625 0.1474609375 0.0966796875 0.166015625
0 0.31689453125 0.64892578125 0.0771484375 0.0986328125
0 0.4521484375 0.53173828125 0.08203125 0.1220703125
0 0.4228515625 0.15380859375 0.21484375 0.0966796875
0 0.69873046875 0.8408203125 0.0986328125 0.09375
0 0.29296875 0.728515625 0.083984375 0.1171875
0 0.8759765625 0.68994140625 0.1328125 0.0947265625
0 0.962890625 0.48779296875 0.072265625 0.0693359375
0 0.96240234375 0.6259765625 0.0732421875 0.1015625
0 0.5234375 0.603515625 0.13671875 0.09765625
0 0.25 0.67236328125 0.083984375 0.0693359375
0 0.1591796875 0.166015625 0.0859375 0.138671875
0 0.20703125 0.95556640625 0.07421875 0.0673828125
0 0.17138671875 0.30078125 0.0751953125 0.072265625
0 0.86181640625 0.59619140625 0.1142578125 0.0888671875
0 0.40185546875 0.79833984375 0.0908203125 0.0966796875
0 0.95166015625 0.01416015625 0.0654296875 0.0283203125
0 0.125 0.26025390625 0.068359375 0.0791015625
0 0.09716796875 0.462890625 0.1005859375 0.1015625
0 0.23828125 0.228515625 0.09765625 0.15234375
0 0.587890625 0.4677734375 0.111328125 0.119140625
0 0.15087890625 0.3642578125 0.0791015625 0.080078125
0 0.86279296875 0.4287109375 0.0498046875 0.05078125
0 0.30712890625 0.85693359375 0.1474609375 0.0654296875
0 0.47607421875 0.43408203125 0.0908203125 0.1123046875
0 0.4833984375 0.7197265625 0.078125 0.078125
