0 0.802734375 0.06689453125 0.1953125 0.1337890625
0 0.46240234375 0.68896484375 0.1591796875 0.1650390625
0 0.36376953125 0.693359375 0.1259765625 0.134765625
0 0.95654296875 0.33984375 0.0751953125 0.072265625
0 0.09375 0.41259765625 0.1171875 0.0986328125
0 0.76708984375 0.4150390625 0.0810546875 0.17578125
0 0.50146484375 0.96875 0.1376953125 0.05859375
0 0.23486328125 0.14453125 0.1494140625 0.197265625
0 0.35107421875 0.87255859375 0.0986328125 0.1416015625
0 0.4638671875 0.54638671875 0.09765625 0.1025390625
0 0.82568359375 0.533203125 0.0947265625 0.11328125
0 0.6728515625 0.5146484375 0.15625 0.146484375
0 0.1064453125 0.51611328125 0.166015625 0.1318359375
0 0.693359375 0.2548828125 0.111328125 0.091796875
0 0.30322265625 0.29443359375 0.1396484375 0.0927734375
0 0.029296875 0.490234375 0.05859375 0.115234375
