0 0.03564453125 0.28515625 0.0615234375 0.064453125
0 0.619140625 0.06396484375 0.05078125 0.0732421875
0 0.5908203125 0.11328125 0.09765625 0.130859375
0 0.53271484375 0.83642578125 0.0791015625 0.1611328125
0 0.6669921875 0.724609375 0.087890625 0.091796875
0 0.0498046875 0.47607421875 0.099609375 0.1201171875
0 0.76416015625 0.12548828125 0.1083984375 0.1103515625
0 0.689453125 0.57080078125 0.078125 0.0830078125
0 0.15185546875 0.51220703125 0.0771484375 0.0712890625
0 0.96484375 0.6337890625 0.068359375 0.150390625
0 0.9697265625 0.85986328125 0.060546875 0.0634765625
0 0.8671875 0.04833984375 0.08203125 0.0830078125
0 0.22607421875 0.255859375 0.1240234375 0.125
0 0.25927734375 0.14013671875 0.0927734375 0.0849609375
0 0.88623046875 0.46826171875 0.1318359375 0.0830078125
0 0.91357421875 0.95263671875 0.1396484375 0.0830078125
0 0.11376953125 0.77392578125 0.1162109375 0.2099609375
0 0.232421875 0.548828125 0.123046875 0.16796875
0 0.5390625 0.9658203125 0.08203125 0.064453125
