0 0.53173828125 0.2529296875 0.0888671875 0.130859375
0 0.94189453125 0.94091796875 0.1083984375 0.1162109375
0 0.91015625 0.03759765625 0.123046875 0.0751953125
0 0.70556640625 0.5908203125 0.0810546875 0.091796875
0 0.57275390625 0.62841796875 0.0966796875 0.1064453125
0 0.66259765625 0.2548828125 0.0966796875 0.072265625
0 0.97265625 0.17578125 0.052734375 0.078125
0 0.30224609375 0.85205078125 0.1376953125 0.2392578125
0 0.02294921875 0.68408203125 0.0458984375 0.1708984375
0 0.36328125 0.13134765625 0.078125 0.0673828125
0 0.306640625 0.68798828125 0.14453125 0.0986328125
0 0.3076171875 0.2607421875 0.080078125 0.072265625
0 0.1611328125 0.0390625 0.068359375 0.076171875
0 0.31494140625 0.373046875 0.0927734375 0.076171875
0 0.10498046875 0.7841796875 0.1650390625 0.158203125
0 0.47509765625 0.41162109375 0.1630859375 0.0869140625
0 0.25048828125 0.171875 0.1083984375 0.078125
0 0.625 0.72216796875 0.07421875 0.0927734375
0 0.091796875 0.22265625 0.08203125 0.09765625
0 0.1728515625 0.5791015625 0.3359375 0.09765625
0 0.84130859375 0.88720703125 0.0751953125 0.1318359375
0 0.2529296875 0.42578125 0.103515625 0.078125
0 0.0625 0.37158203125 0.123046875 0.1064453125
0 0.3017578125 0.97412109375 0.078125 0.0498046875
0 0.875 0.17138671875 0.072265625 0.0947265625
