0 0.33154296875 0.66552734375 0.2451171875 0.2568359375
0 0.87109375 0.44580078125 0.1328125 0.1416015625
0 0.615234375 0.9619140625 0.0859375 0.07421875
0 0.6884765625 0.71630859375 0.091796875 0.1201171875
0 0.04931640625 0.21044921875 0.0986328125 0.1259765625
0 0.3095703125 0.240234375 0.07421875 0.169921875
0 0.28515625 0.19921875 0.158203125 0.10546875
0 0.44091796875 0.94775390625 0.1337890625 0.1025390625
0 0.1513671875 0.3037109375 0.1171875 0.13671875
0 0.51806640625 0.07421875 0.1025390625 0.087890625
0 0.72412109375 0.38916015625 0.0986328125 0.1455078125
0 0.84716796875 0.9580078125 0.1240234375 0.08203125
0 0.85400390625 0.6474609375 0.1708984375 0.119140625
0 0.49658203125 0.1806640625 0.0751953125 0.140625
0 0.24462890625 0.91162109375 0.1435546875 0.0966796875
0 0.92919921875 0.494140625 0.1083984375 0.0703125
0 0.685546875 0.22998046875 0.095703125 0.1455078125
0 0.5107421875 0.65283203125 0.08203125 0.0830078125
0 0.79345703125 0.2080078125 0.1044921875 0.123046875
0 0.962890625 0.2314453125 0.072265625 0.173828125
0 0.94384765625 0.2490234375 0.0947265625 0.146484375
0 0.3935546875 0.0302734375 0.099609375 0.060546875
0 0.8212890625 0.0869140625 0.138671875 0.06640625
0 0.48388671875 0.40478515625 0.0791015625 0.0732421875
0 0.03515625 0.4853515625 0.0703125 0.0859375
0 0.0615234375 0.087890625 0.123046875 0.173828125
0 0.75439453125 0.05224609375 0.1435546875 0.0888671875
0 0.97119140625 0.39208984375 0.0556640625 0.1474609375
0 0.45751953125 0.931640625 0.2177734375 0.0703125
0 0.4306640625 0.24853515625 0.09375 0.1630859375
0 0.94970703125 0.322265625 0.0869140625 0.05859375
0 0.447265625 0.5595703125 0.119140625 0.0859375
