0 0.83984375 0.58203125 0.068359375 0.060546875
0 0.74755859375 0.76953125 0.0771484375 0.107421875
0 0.6669921875 0.443359375 0.0703125 0.068359375
0 0.2822265625 0.46142578125 0.12890625 0.0908203125
0 0.09423828125 0.81103515625 0.1240234375 0.1240234375
0 0.1318359375 0.349609375 0.171875 0.107421875
0 0.83642578125 0.19873046875 0.0849609375 0.1708984375
0 0.44287109375 0.8466796875 0.1005859375 0.109375
0 0.72119140625 0.97607421875 0.1005859375 0.0458984375
0 0.814453125 0.43896484375 0.138671875 0.0986328125
0 0.88330078125 0.9111328125 0.0908203125 0.12890625
0 0.22216796875 0.56103515625 0.0888671875 0.2041015625
0 0.05126953125 0.4931640625 0.1025390625 0.103515625
0 0.31640625 0.21435546875 0.134765625 0.1279296875
0 0.88037109375 0.0263671875 0.0810546875 0.05078125
0 0.71044921875 0.24365234375 0.0791015625 0.0771484375
0 0.9697265625 0.0595703125 0.05859375 0.119140625
0 0.2138671875 0.92626953125 0.08203125 0.1435546875
0 0.140625 0.48046875 0.0625 0.0546875
0 0.73876953125 0.5380859375 0.1201171875 0.095703125
0 0.14306640625 0.92822265625 0.0888671875 0.1005859375
0 0.1728515625 0.72119140625 0.091796875 0.0732421875
0 0.72412109375 0.611328125 0.0869140625 0.072265625
0 0.53076171875 0.83642578125 0.1220703125 0.0869140625
0 0.080078125 0.05859375 0.09375 0.11328125
