0 0.84619140625 0.64697265625 0.1494140625 0.1982421875
0 0.5517578125 0.947265625 0.138671875 0.1015625
0 0.33154296875 0.8837890625 0.1337890625 0.14453125
0 0.53515625 0.77490234375 0.142578125 0.1064453125
0 0.77587890625 0.9609375 0.1201171875 0.07421875
0 0.046875 0.04541015625 0.09375 0.0908203125
0 0.9052734375 0.14208984375 0.12109375 0.1357421875
0 0.4033203125 0.10107421875 0.095703125 0.1025390625
0 0.68896484375 0.3310546875 0.0986328125 0.169921875
0 0.62939453125 0.0380859375 0.0791015625 0.072265625
0 0.892578125 0.81591796875 0.10546875 0.2724609375
0 0.70166015625 0.50830078125 0.1396484375 0.1298828125
0 0.7119140625 0.0341796875 0.05859375 0.06640625
0 0.35791015625 0.3935546875 0.1552734375 0.138671875
0 0.60498046875 0.95263671875 0.0908203125 0.0927734375
0 0.849609375 0.62158203125 0.208984375 0.0830078125
0 0.61474609375 0.4931640625 0.1337890625 0.138671875
0 0.93359375 0.5546875 0.130859375 0.150390625
0 0.70166015625 0.1787109375 0.0986328125 0.16796875
0 0.04248046875 0.1767578125 0.0849609375 0.111328125
0 0.443359375 0.52734375 0.126953125 0.2578125
0 0.3798828125 0.62744140625 0.3046875 0.0966796875
0 0.80078125 0.05224609375 0.142578125 0.1025390625
0 0.1669921875 0.86328125 0.13671875 0.271484375
0 0.9775390625 0.515625 0.041015625 0.091796875
0 0.23046875 0.35107421875 0.072265625 0.0751953125
0 0.70361328125 0.86474609375 0.1103515625 0.1279296875
