0 0.40673828125 0.14501953125 0.1357421875 0.2080078125
0 0.765625 0.4619140625 0.109375 0.091796875
0 0.35302734375 0.92431640625 0.0830078125 0.1474609375
0 0.04052734375 0.19921875 0.0810546875 0.22265625
0 0.1806640625 0.05859375 0.080078125 0.087890625
0 0.12744140625 0.68701171875 0.1181640625 0.1083984375
0 0.0810546875 0.22216796875 0.1171875 0.2744140625
0 0.5048828125 0.48095703125 0.06640625 0.1923828125
0 0.19189453125 0.87890625 0.1123046875 0.078125
0 0.18994140625 0.79052734375 0.1513671875 0.0908203125
0 0.51953125 0.37548828125 0.115234375 0.1572265625
0 0.7392578125 0.55078125 0.1328125 0.091796875
0 0.62744140625 0.8857421875 0.0791015625 0.12890625
0 0.748046875 0.05419921875 0.11328125 0.0908203125
0 0.49755859375 0.57958984375 0.1064453125 0.1005859375
0 0.6201171875 0.751953125 0.138671875 0.22265625
