0 0.806640625 0.33544921875 0.181640625 0.0869140625
0 0.6923828125 0.6103515625 0.08984375 0.091796875
0 0.2919921875 0.833984375 0.083984375 0.08203125
0 0.91455078125 0.51904296875 0.0634765625 0.0576171875
0 0.55810546875 0.7099609375 0.1025390625 0.08203125
0 0.4091796875 0.45703125 0.140625 0.07421875
0 0.6376953125 0.02587890625 0.076171875 0.0517578125
0 0.5966796875 0.7744140625 0.083984375 0.091796875
0 0.056640625 0.2138671875 0.095703125 0.087890625
0 0.5859375 0.3837890625 0.091796875 0.10546875
0 0.27783203125 0.26904296875 0.0888671875 0.1337890625
0 0.0498046875 0.59375 0.076171875 0.109375
0 0.810546875 0.9560546875 0.111328125 0.0859375
0 0.97998046875 0.0390625 0.0380859375 0.0703125
0 0.40087890625 0.3271484375 0.0693359375 0.103515625
0 0.6416015625 0.931640625 0.060546875 0.072265625
0 0.138671875 0.78564453125 0.095703125 0.0791015625
0 0.40380859375 0.60205078125 0.1123046875 0.1552734375
0 0.08642578125 0.3623046875 0.0751953125 0.08203125
0 0.96875 0.63037109375 0.0546875 0.0654296875
0 0.0498046875 0.451171875 0.099609375 0.09375
0 0.2001953125 0.9716796875 0.06640625 0.052734375
0 0.67138671875 0.3896484375 0.0791015625 0.078125
0 0.5478515625 0.09619140625 0.0625 0.0498046875
0 0.56103515625 0.41015625 0.0673828125 0.130859375
0 0.97119140625 0.1552734375 0.0556640625 0.138671875
0 0.88720703125 0.9658203125 0.0615234375 0.064453125
