0 0.53125 0.12646484375 0.173828125 0.2353515625
0 0.90283203125 0.95703125 0.0791015625 0.083984375
0 0.71044921875 0.2685546875 0.1572265625 0.09375
0 0.30517578125 0.6689453125 0.1123046875 0.169921875
0 0.86181640625 0.876953125 0.0888671875 0.091796875
0 0.63427734375 0.787109375 0.0810546875 0.193359375
0 0.08203125 0.3427734375 0.09375 0.103515625
0 0.23291015625 0.90625 0.1884765625 0.1484375
0 0.7998046875 0.49462890625 0.103515625 0.1162109375
0 0.375 0.05419921875 0.09375 0.1083984375
0 0.8173828125 0.798828125 0.203125 0.15625
0 0.42529296875 0.9755859375 0.0947265625 0.044921875
0 0.05224609375 0.87353515625 0.1044921875 0.1142578125
0 0.57958984375 0.546875 0.1064453125 0.140625
0 0.0986328125 0.14453125 0.146484375 0.130859375
0 0.958984375 0.0537109375 0.080078125 0.103515625
0 0.79443359375 0.6826171875 0.1923828125 0.1015625
0 0.07666015625 0.46923828125 0.1533203125 0.0927734375
0 0.4267578125 0.69384765625 0.10546875 0.1435546875
0 0.0517578125 0.07080078125 0.09765625 0.1396484375
0 0.8603515625 0.34619140625 0.0859375 0.1064453125
0 0.62646484375 0.63037109375 0.1142578125 0.0966796875
0 0.34375 0.37939453125 0.318359375 0.2041015625
