0 0.2255859375 0.57958984375 0.0625 0.1201171875
0 0.298828125 0.44384765625 0.0703125 0.0810546875
0 0.43896484375 0.8271484375 0.0712890625 0.12109375
0 0.6494140625 0.71533203125 0.1171875 0.1220703125
0 0.37890625 0.9462890625 0.080078125 0.078125
0 0.70068359375 0.072265625 0.0732421875 0.0703125
0 0.97802734375 0.17724609375 0.0419921875 0.0947265625
0 0.0380859375 0.12744140625 0.076171875 0.1142578125
0 0.052734375 0.1708984375 0.10546875 0.107421875
0 0.1728515625 0.79296875 0.08203125 0.099609375
0 0.3408203125 0.03955078125 0.095703125 0.0654296875
0 0.7890625 0.048828125 0.09765625 0.0859375
0 0.47802734375 0.48876953125 0.0966796875 0.1279296875
0 0.7763671875 0.21435546875 0.103515625 0.0869140625
0 0.26416015625 0.88232421875 0.1103515625 0.1357421875
0 0.56591796875 0.38525390625 0.0751953125 0.1279296875
0 0.791015625 0.92138671875 0.103515625 0.1533203125
0 0.35546875 0.6171875 0.123046875 0.078125
0 0.572265625 0.67333984375 0.0859375 0.0947265625
0 0.72119140625 0.61669921875 0.0986328125 0.1044921875
0 0.69970703125 0.31982421875 0.0771484375 0.1240234375
0 0.94091796875 0.37841796875 0.1162109375 0.1201171875
0 0.85009765625 0.1455078125 0.0673828125 0.078125
0 0.24560546875 0.3740234375 0.1005859375 0.12890625
0 0.8232421875 0.314453125 0.09375 0.10546875
