0 0.35498046875 0.39892578125 0.0888671875 0.1259765625
0 0.93310546875 0.6689453125 0.1318359375 0.109375
0 0.8271484375 0.205078125 0.125 0.232421875
0 0.458984375 0.3876953125 0.0859375 0.083984375
0 0.6298828125 0.38232421875 0.177734375 0.1240234375
0 0.88671875 0.93701171875 0.224609375 0.0830078125
0 0.310546875 0.19580078125 0.12109375 0.0517578125
0 0.47998046875 0.828125 0.1494140625 0.166015625
0 0.53564453125 0.2119140625 0.0947265625 0.203125
0 0.19921875 0.04638671875 0.087890625 0.0654296875
0 0.572265625 0.33935546875 0.109375 0.1201171875
0 0.85498046875 0.064453125 0.1669921875 0.12890625
0 0.6005859375 0.74462890625 0.26953125 0.1591796875
0 0.2705078125 0.29541015625 0.1484375 0.1181640625
0 0.42041015625 0.0751953125 0.1181640625 0.150390625
0 0.18310546875 0.42626953125 0.1787109375 0.1376953125
0 0.9541015625 0.28857421875 0.08984375 0.2138671875
0 0.05517578125 0.05419921875 0.1064453125 0.1064453125
0 0.4150390625 0.54248046875 0.1484375 0.1376953125
0 0.2255859375 0.68994140625 0.09375 0.0869140625
0 0.3671875 0.91015625 0.11328125 0.115234375
