0 0.34619140625 0.17138671875 0.1083984375 0.0830078125
0 0.029296875 0.69091796875 0.05859375 0.0947265625
0 0.83154296875 0.603515625 0.1123046875 0.10546875
0 0.32470703125 0.21533203125 0.1298828125 0.1337890625
0 0.0888671875 0.97265625 0.103515625 0.0546875
0 0.06201171875 0.125 0.1005859375 0.099609375
0 0.74658203125 0.42333984375 0.1181640625 0.0556640625
0 0.29150390625 0.61181640625 0.1044921875 0.1318359375
0 0.15673828125 0.72021484375 0.1220703125 0.0810546875
0 0.02880859375 0.95361328125 0.0576171875 0.0791015625
0 0.6015625 0.13427734375 0.107421875 0.1298828125
0 0.23681640625 0.123046875 0.0791015625 0.083984375
0 0.80224609375 0.35498046875 0.1025390625 0.0615234375
0 0.943359375 0.7109375 0.111328125 0.07421875
0 0.61083984375 0.28076171875 0.0751953125 0.1181640625
0 0.2412109375 0.55078125 0.134765625 0.10546875
0 0.03076171875 0.8251953125 0.0615234375 0.103515625
0 0.4541015625 0.12548828125 0.08984375 0.1142578125
0 0.07958984375 0.5087890625 0.1220703125 0.103515625
0 0.1689453125 0.2119140625 0.091796875 0.115234375
0 0.5322265625 0.39404296875 0.08984375 0.1162109375
0 0.2646484375 0.73046875 0.125 0.091796875
