0 0.28662109375 0.51220703125 0.0927734375 0.1455078125
0 0.9091796875 0.30712890625 0.103515625 0.1396484375
0 0.603515625 0.28857421875 0.1640625 0.0869140625
0 0.8017578125 0.9248046875 0.10546875 0.083984375
0 0.32568359375 0.63232421875 0.1220703125 0.0751953125
0 0.87646484375 0.662109375 0.1005859375 0.0859375
0 0.5478515625 0.62158203125 0.11328125 0.2060546875
0 0.6015625 0.7216796875 0.072265625 0.107421875
0 0.27880859375 0.28564453125 0.0947265625 0.1708984375
0 0.37109375 0.5185546875 0.060546875 0.14453125
0 0.65966796875 0.30810546875 0.0517578125 0.0986328125
0 0.80810546875 0.626953125 0.0927734375 0.08984375
0 0.14013671875 0.38427734375 0.0693359375 0.0947265625
0 0.89306640625 0.9853515625 0.1845703125 0.02734375
0 0.09130859375 0.1796875 0.1201171875 0.1328125
0 0.69921875 0.904296875 0.087890625 0.103515625
0 0.2744140625 0.76025390625 0.103515625 0.2783203125
0 0.17431640625 0.8125 0.1064453125 0.1328125
0 0.39208984375 0.4033203125 0.0810546875 0.15625
0 0.509765625 0.34033203125 0.134765625 0.0791015625
0 0.1455078125 0.7314453125 0.146484375 0.08984375
0 0.8271484375 0.0634765625 0.12109375 0.078125
0 0.9111328125 0.18994140625 0.123046875 0.1806640625
0 0.939453125 0.7802734375 0.09375 0.1171875
0 0.11181640625 0.59912109375 0.0927734375 0.1201171875
0 0.3583984375 0.2314453125 0.134765625 0.248046875
0 0.52783203125 0.47607421875 0.0927734375 0.1708984375
0 0.36865234375 0.1640625 0.0966796875 0.1796875
0 0.32177734375 0.5361328125 0.0419921875 0.0859375
