0 0.328125 0.33984375 0.09375 0.091796875
0 0.74462890625 0.27392578125 0.0830078125 0.0927734375
0 0.84619140625 0.6552734375 0.0400390625 0.052734375
0 0.29931640625 0.2568359375 0.0830078125 0.109375
0 0.353515625 0.44287109375 0.060546875 0.0478515625
0 0.7578125 0.20556640625 0.064453125 0.1005859375
0 0.2392578125 0.46533203125 0.08203125 0.1318359375
0 0.654296875 0.38916015625 0.08984375 0.1318359375
0 0.8896484375 0.57470703125 0.072265625 0.1123046875
0 0.9501953125 0.029296875 0.091796875 0.056640625
0 0.3291015625 0.95068359375 0.109375 0.0947265625
0 0.42919921875 0.15234375 0.0830078125 0.078125
0 0.67822265625 0.0205078125 0.0595703125 0.0390625
0 0.2451171875 0.806640625 0.076171875 0.06640625
0 0.7919921875 0.32080078125 0.0703125 0.0908203125
0 0.87548828125 0.25439453125 0.0888671875 0.0654296875
0 0.8662109375 0.3388671875 0.083984375 0.076171875
0 0.44921875 0.50830078125 0.087890625 0.1064453125
0 0.81005859375 0.92236328125 0.0830078125 0.0791015625
0 0.2158203125 0.14111328125 0.07421875 0.0791015625
0 0.50927734375 0.2607421875 0.1083984375 0.052734375
0 0.26171875 0.59033203125 0.0703125 0.0771484375
0 0.3818359375 0.06103515625 0.064453125 0.0771484375
0 0.111328125 0.60009765625 0.123046875 0.0654296875
0 0.8076171875 0.0791015625 0.09765625 0.0859375
0 0.81298828125 0.3857421875 0.1337890625 0.107421875
0 0.6142578125 0.697265625 0.05859375 0.0703125
0 0.595703125 0.92626953125 0.119140625 0.1455078125
0 0.64404296875 0.6044921875 0.0693359375 0.13671875
0 0.14306640625 0.8134765625 0.0810546875 0.0703125
0 0.39404296875 0.216796875 0.1826171875 0.15234375
0 0.552734375 0.32177734375 0.09375 0.1064453125
0 0.46630859375 0.94775390625 0.1103515625 0.0712890625
0 0.82275390625 0.5380859375 0.0634765625 0.0703125
