0 0.044921875 0.9716796875 0.08984375 0.0546875
0 0.0341796875 0.08203125 0.068359375 0.103515625
0 0.10791015625 0.60205078125 0.0693359375 0.1669921875
0 0.873046875 0.83349609375 0.087890625 0.0830078125
0 0.9697265625 0.119140625 0.05859375 0.1015625
0 0.40869140625 0.814453125 0.1025390625 0.1640625
0 0.708984375 0.53271484375 0.201171875 0.0751953125
0 0.14990234375 0.5419921875 0.0791015625 0.064453125
0 0.0224609375 0.533203125 0.044921875 0.1015625
0 0.0341796875 0.4013671875 0.068359375 0.06640625
0 0.365234375 0.11376953125 0.103515625 0.0888671875
0 0.20361328125 0.04248046875 0.1005859375 0.0830078125
0 0.8974609375 0.921875 0.080078125 0.09375
0 0.890625 0.6806640625 0.18359375 0.14453125
0 0.46923828125 0.11328125 0.0947265625 0.2265625
0 0.845703125 0.234375 0.181640625 0.1953125
0 0.92578125 0.0390625 0.138671875 0.07421875
0 0.95458984375 0.78076171875 0.0888671875 0.1025390625
0 0.72216796875 0.14208984375 0.2158203125 0.1787109375
0 0.537109375 0.66552734375 0.09765625 0.1064453125
0 0.9580078125 0.21533203125 0.08203125 0.1416015625
0 0.9599609375 0.8935546875 0.078125 0.083984375
