0 0.203125 0.2294921875 0.119140625 0.103515625
0 0.94482421875 0.17578125 0.1083984375 0.10546875
0 0.51513671875 0.1875 0.1416015625 0.09375
0 0.271484375 0.27197265625 0.09765625 0.0732421875
0 0.0732421875 0.55126953125 0.05859375 0.0771484375
0 0.64892578125 0.955078125 0.0732421875 0.0859375
0 0.2939453125 0.6708984375 0.13671875 0.1171875
0 0.470703125 0.423828125 0.080078125 0.087890625
0 0.31591796875 0.8681640625 0.1611328125 0.255859375
0 0.8896484375 0.341796875 0.072265625 0.095703125
0 0.42138671875 0.95263671875 0.1552734375 0.0908203125
0 0.0390625 0.75146484375 0.078125 0.1337890625
0 0.541015625 0.392578125 0.14453125 0.09375
0 0.75927734375 0.08984375 0.0673828125 0.171875
0 0.05615234375 0.02978515625 0.1123046875 0.0595703125
0 0.54638671875 0.27685546875 0.0966796875 0.1005859375
0 0.76025390625 0.52880859375 0.0830078125 0.1494140625
0 0.107421875 0.56689453125 0.173828125 0.1298828125
0 0.7890625 0.74853515625 0.1796875 0.1142578125
0 0.7109375 0.06884765625 0.078125 0.1318359375
0 0.0908203125 0.87744140625 0.1796875 0.1826171875
0 0.14892578125 0.28759765625 0.0869140625 0.0673828125
0 0.54931640625 0.04150390625 0.0712890625 0.0810546875
0 0.9423828125 0.36865234375 0.087890625 0.0986328125
0 0.271484375 0.1669921875 0.146484375 0.125
0 0.408203125 0.03662109375 0.078125 0.0673828125
0 0.193359375 0.04052734375 0.087890625 0.0771484375
0 0.060546875 0.23095703125 0.12109375 0.0908203125
0 0.03076171875 0.08740234375 0.0615234375 0.0771484375
