0 0.66259765625 0.74072265625 0.1708984375 0.0927734375
0 0.78369140625 0.19140625 0.1572265625 0.1015625
0 0.37939453125 0.412109375 0.2080078125 0.109375
0 0.4716796875 0.74755859375 0.16015625 0.1494140625
0 0.04150390625 0.02197265625 0.0830078125 0.0400390625
0 0.13818359375 0.96923828125 0.1650390625 0.0595703125
0 0.40283203125 0.8046875 0.0830078125 0.09375
0 0.3193359375 0.05126953125 0.150390625 0.1005859375
0 0.8896484375 0.77392578125 0.158203125 0.0908203125
0 0.93408203125 0.3779296875 0.1298828125 0.177734375
0 0.3876953125 0.52783203125 0.07421875 0.1103515625
0 0.90966796875 0.4853515625 0.1572265625 0.0859375
0 0.53857421875 0.62548828125 0.1416015625 0.1591796875
0 0.9482421875 0.97509765625 0.103515625 0.0478515625
0 0.2529296875 0.86962890625 0.125 0.1728515625
0 0.4267578125 0.1435546875 0.11328125 0.10546875
0 0.64794921875 0.5810546875 0.0986328125 0.158203125
0 0.03076171875 0.962890625 0.0615234375 0.0703125
0 0.35107421875 0.81494140625 0.0693359375 0.1162109375
0 0.46826171875 0.255859375 0.0888671875 0.11328125
