0 0.36083984375 0.72412109375 0.0869140625 0.0771484375
0 0.60107421875 0.45166015625 0.1162109375 0.0693359375
0 0.912109375 0.6220703125 0.08203125 0.064453125
0 0.05908203125 0.91650390625 0.0810546875 0.1630859375
0 0.7734375 0.96142578125 0.125 0.0693359375
0 0.09814453125 0.49560546875 0.1845703125 0.0771484375
0 0.5751953125 0.673828125 0.103515625 0.16015625
0 0.125 0.45361328125 0.16015625 0.0693359375
0 0.111328125 0.5986328125 0.111328125 0.083984375
0 0.8916015625 0.5732421875 0.080078125 0.095703125
0 0.89599609375 0.17333984375 0.1279296875 0.0869140625
0 0.728515625 0.2529296875 0.076171875 0.064453125
0 0.76953125 0.80517578125 0.099609375 0.1494140625
0 0.111328125 0.20703125 0.111328125 0.091796875
0 0.23486328125 0.77490234375 0.0712890625 0.1142578125
0 0.84423828125 0.51904296875 0.0771484375 0.1123046875
0 0.220703125 0.5361328125 0.125 0.087890625
0 0.02197265625 0.19189453125 0.0439453125 0.0966796875
0 0.46240234375 0.71630859375 0.0908203125 0.1513671875
0 0.0322265625 0.1337890625 0.064453125 0.10546875
0 0.7744140625 0.296875 0.12109375 0.08984375
0 0.849609375 0.6865234375 0.107421875 0.083984375
0 0.6025390625 0.35107421875 0.08984375 0.0732421875
0 0.6162109375 0.69482421875 0.064453125 0.0849609375
0 0.662109375 0.89404296875 0.087890625 0.1044921875
0 0.7734375 0.03759765625 0.1015625 0.0712890625
