0 0.9287109375 0.90869140625 0.0703125 0.0966796875
0 0.51220703125 0.390625 0.1298828125 0.0859375
0 0.46875 0.10302734375 0.115234375 0.0791015625
0 0.962890625 0.68310546875 0.072265625 0.1103515625
0 0.9208984375 0.09521484375 0.1015625 0.0791015625
0 0.15673828125 0.03173828125 0.1259765625 0.0615234375
0 0.0419921875 0.77099609375 0.083984375 0.1044921875
0 0.05029296875 0.03564453125 0.1005859375 0.0712890625
0 0.16796875 0.61279296875 0.134765625 0.0693359375
0 0.75146484375 0.19189453125 0.0908203125 0.0810546875
0 0.5771484375 0.9091796875 0.099609375 0.115234375
0 0.26953125 0.0263671875 0.0859375 0.052734375
0 0.16357421875 0.0751953125 0.1025390625 0.0703125
0 0.4609375 0.509765625 0.076171875 0.0703125
0 0.76318359375 0.90966796875 0.0947265625 0.0849609375
0 0.9462890625 0.79638671875 0.091796875 0.0908203125
0 0.482421875 0.552734375 0.07421875 0.134765625
0 0.826171875 0.74853515625 0.111328125 0.0732421875
0 0.49951171875 0.046875 0.0791015625 0.078125
0 0.4775390625 0.97607421875 0.111328125 0.0458984375
0 0.0556640625 0.93359375 0.111328125 0.076171875
0 0.41943359375 0.82080078125 0.0751953125 0.0947265625
0 0.1611328125 0.85888671875 0.087890625 0.0732421875
0 0.982421875 0.6123046875 0.033203125 0.087890625
