0 0.595703125 0.6220703125 0.111328125 0.111328125
0 0.3623046875 0.23193359375 0.12109375 0.0751953125
0 0.06591796875 0.0576171875 0.1318359375 0.111328125
0 0.427734375 0.515625 0.115234375 0.111328125
0 0.84423828125 0.40478515625 0.0888671875 0.0908203125
0 0.67333984375 0.10302734375 0.1201171875 0.0634765625
0 0.88720703125 0.02734375 0.0654296875 0.052734375
0 0.62060546875 0.68505859375 0.0751953125 0.0791015625
0 0.6484375 0.796875 0.154296875 0.1796875
0 0.9462890625 0.12060546875 0.068359375 0.0771484375
0 0.10595703125 0.96826171875 0.0908203125 0.0634765625
0 0.0244140625 0.13525390625 0.048828125 0.1103515625
0 0.9765625 0.35546875 0.046875 0.09765625
0 0.591796875 0.26025390625 0.109375 0.2060546875
0 0.5400390625 0.060546875 0.103515625 0.08203125
0 0.37158203125 0.04638671875 0.0576171875 0.0693359375
0 0.7470703125 0.53955078125 0.099609375 0.2080078125
0 0.74853515625 0.966796875 0.0810546875 0.06640625
0 0.97412109375 0.21533203125 0.0517578125 0.1220703125
0 0.26953125 0.38525390625 0.150390625 0.1201171875
0 0.58251953125 0.9140625 0.1220703125 0.171875
0 0.36572265625 0.55517578125 0.1123046875 0.0830078125
0 0.64404296875 0.3603515625 0.1220703125 0.126953125
0 0.08056640625 0.693359375 0.1611328125 0.18359375
0 0.90380859375 0.82275390625 0.0947265625 0.1044921875
0 0.62255859375 0.07958984375 0.1533203125 0.1025390625
0 0.4306640625 0.3505859375 0.15234375 0.087890625
