0 0.90771484375 0.91357421875 0.1435546875 0.0849609375
0 0.29931640625 0.95458984375 0.1025390625 0.0888671875
0 0.626953125 0.677734375 0.087890625 0.2421875
0 0.48193359375 0.88134765625 0.0849609375 0.0732421875
0 0.091796875 0.49560546875 0.091796875 0.2763671875
0 0.048828125 0.85791015625 0.09765625 0.1240234375
0 0.24365234375 0.6259765625 0.1044921875 0.447265625
0 0.6396484375 0.0791015625 0.1953125 0.150390625
0 0.27783203125 0.19189453125 0.3115234375 0.1728515625
0 0.54150390625 0.70166015625 0.1435546875 0.1318359375
0 0.89599609375 0.9833984375 0.2060546875 0.033203125
0 0.7314453125 0.6953125 0.138671875 0.1875
0 0.69287109375 0.322265625 0.1669921875 0.2109375
0 0.658203125 0.72119140625 0.083984375 0.1416015625
0 0.83349609375 0.12939453125 0.0751953125 0.1357421875
0 0.2001953125 0.0263671875 0.08203125 0.052734375
0 0.41162109375 0.8935546875 0.0888671875 0.09765625
0 0.73974609375 0.69384765625 0.0849609375 0.3056640625
0 0.2880859375 0.111328125 0.302734375 0.115234375
0 0.89306640625 0.48828125 0.0830078125 0.240234375
0 0.3603515625 0.9599609375 0.1171875 0.078125
0 0.1689453125 0.67138671875 0.11328125 0.1474609375
0 0.955078125 0.3193359375 0.087890625 0.251953125
0 0.4794921875 0.044921875 0.115234375 0.08984375
