0 0.61572265625 0.47900390625 0.0615234375 0.0771484375
0 0.21875 0.9609375 0.103515625 0.076171875
0 0.57373046875 0.5849609375 0.1552734375 0.08984375
0 0.66943359375 0.4501953125 0.0732421875 0.072265625
0 0.21728515625 0.19677734375 0.0673828125 0.1298828125
0 0.7646484375 0.8232421875 0.080078125 0.08984375
0 0.06103515625 0.50830078125 0.1220703125 0.1142578125
0 0.83154296875 0.091796875 0.0908203125 0.15234375
0 0.6943359375 0.1376953125 0.109375 0.126953125
0 0.29150390625 0.09033203125 0.0439453125 0.0791015625
0 0.7919921875 0.423828125 0.107421875 0.166015625
0 0.21923828125 0.09423828125 0.0537109375 0.0478515625
0 0.1787109375 0.7431640625 0.087890625 0.173828125
0 0.09033203125 0.06884765625 0.1806640625 0.0869140625
0 0.36328125 0.828125 0.083984375 0.07421875
0 0.26220703125 0.580078125 0.1181640625 0.068359375
0 0.146484375 0.93115234375 0.12109375 0.1357421875
0 0.97900390625 0.21923828125 0.0400390625 0.1455078125
0 0.0185546875 0.95166015625 0.037109375 0.0908203125
0 0.0595703125 0.94775390625 0.078125 0.1005859375
0 0.6494140625 0.240234375 0.06640625 0.123046875
0 0.552734375 0.43994140625 0.0703125 0.0869140625
0 0.5068359375 0.2890625 0.1953125 0.099609375
0 0.634765625 0.8583984375 0.130859375 0.126953125
0 0.35400390625 0.384765625 0.1337890625 0.177734375
