0 0.37841796875 0.47802734375 0.0830078125 0.0966796875
0 0.541015625 0.4150390625 0.091796875 0.109375
0 0.9560546875 0.4033203125 0.08203125 0.140625
0 0.1962890625 0.51904296875 0.138671875 0.1083984375
0 0.24462890625 0.06298828125 0.1005859375 0.0849609375
0 0.048828125 0.93994140625 0.0703125 0.0673828125
0 0.74951171875 0.521484375 0.0927734375 0.08203125
0 0.58154296875 0.9052734375 0.0966796875 0.0859375
0 0.58984375 0.5908203125 0.13671875 0.173828125
0 0.7158203125 0.212890625 0.091796875 0.08984375
0 0.16015625 0.0146484375 0.08203125 0.029296875
0 0.81494140625 0.82861328125 0.0927734375 0.0888671875
0 0.853515625 0.56689453125 0.087890625 0.0693359375
0 0.0361328125 0.802734375 0.072265625 0.0859375
0 0.92919921875 0.83837890625 0.0517578125 0.1806640625
0 0.36767578125 0.96630859375 0.0888671875 0.0654296875
0 0.4736328125 0.4833984375 0.103515625 0.1015625
0 0.529296875 0.14111328125 0.08984375 0.1337890625
0 0.65478515625 0.72509765625 0.0712890625 0.0908203125
0 0.76953125 0.14111328125 0.080078125 0.0908203125
0 0.44287109375 0.10986328125 0.0673828125 0.0810546875
0 0.48388671875 0.5908203125 0.0888671875 0.087890625
0 0.68701171875 0.931640625 0.0810546875 0.1328125
0 0.46240234375 0.6962890625 0.1103515625 0.08984375
0 0.10693359375 0.2958984375 0.0947265625 0.123046875
0 0.20556640625 0.32080078125 0.1005859375 0.1181640625
