0 0.2666015625 0.224609375 0.09765625 0.142578125
0 0.9541015625 0.099609375 0.08984375 0.109375
0 0.08203125 0.21875 0.1640625 0.087890625
0 0.732421875 0.55615234375 0.12890625 0.1552734375
0 0.85693359375 0.11376953125 0.1142578125 0.1552734375
0 0.841796875 0.47216796875 0.0859375 0.1259765625
0 0.20703125 0.34375 0.134765625 0.08984375
0 0.35205078125 0.626953125 0.0849609375 0.072265625
0 0.05810546875 0.826171875 0.1162109375 0.1171875
0 0.0458984375 0.4189453125 0.08984375 0.0859375
0 0.8994140625 0.9736328125 0.072265625 0.05078125
0 0.3994140625 0.95849609375 0.0625 0.0556640625
0 0.85009765625 0.31982421875 0.1943359375 0.1240234375
0 0.51904296875 0.30810546875 0.1298828125 0.1337890625
0 0.15869140625 0.1630859375 0.0712890625 0.205078125
0 0.76025390625 0.49462890625 0.0771484375 0.0869140625
0 0.435546875 0.54345703125 0.08984375 0.1142578125
0 0.166015625 0.67431640625 0.0625 0.1435546875
0 0.185546875 0.02294921875 0.12890625 0.0458984375
0 0.51806640625 0.86181640625 0.0810546875 0.1025390625
0 0.68115234375 0.3671875 0.1962890625 0.107421875
0 0.10009765625 0.6494140625 0.1142578125 0.13671875
0 0.88134765625 0.2099609375 0.2353515625 0.126953125
0 0.11572265625 0.7509765625 0.2021484375 0.087890625
0 0.2548828125 0.83349609375 0.1328125 0.1318359375
0 0.4873046875 0.80078125 0.0703125 0.05078125
