0 0.177734375 0.0322265625 0.099609375 0.064453125
0 0.21240234375 0.2001953125 0.0751953125 0.064453125
0 0.85888671875 0.501953125 0.1005859375 0.095703125
0 0.697265625 0.88720703125 0.078125 0.0888671875
0 0.59912109375 0.4697265625 0.0849609375 0.103515625
0 0.7744140625 0.56787109375 0.087890625 0.0791015625
0 0.2333984375 0.28759765625 0.126953125 0.1142578125
0 0.1845703125 0.4677734375 0.12890625 0.099609375
0 0.50048828125 0.72021484375 0.1376953125 0.1142578125
0 0.70068359375 0.50927734375 0.0927734375 0.0947265625
0 0.0810546875 0.0263671875 0.134765625 0.052734375
0 0.0361328125 0.748046875 0.072265625 0.091796875
0 0.9833984375 0.5615234375 0.03125 0.115234375
0 0.87109375 0.18115234375 0.08984375 0.0986328125
0 0.46923828125 0.509765625 0.0830078125 0.072265625
0 0.3486328125 0.87109375 0.115234375 0.1328125
0 0.80029296875 0.03173828125 0.1279296875 0.0615234375
0 0.75830078125 0.18994140625 0.1025390625 0.0947265625
0 0.412109375 0.443359375 0.1015625 0.0703125
0 0.9091796875 0.61083984375 0.099609375 0.0693359375
0 0.97509765625 0.9130859375 0.0478515625 0.1015625
0 0.95166015625 0.076171875 0.0947265625 0.15234375
0 0.8779296875 0.966796875 0.11328125 0.060546875
0 0.4404296875 0.7744140625 0.11328125 0.095703125
0 0.427734375 0.36376953125 0.109375 0.0869140625
0 0.408203125 0.63330078125 0.09375 0.0966796875
0 0.51611328125 0.97314453125 0.1025390625 0.0537109375
0 0.20166015625 0.1240234375 0.1142578125 0.111328125
