0 0.52392578125 0.73095703125 0.0947265625 0.1279296875
0 0.60205078125 0.69873046875 0.1259765625 0.1162109375
0 0.9541015625 0.05419921875 0.0859375 0.1083984375
0 0.48046875 0.60205078125 0.072265625 0.0693359375
0 0.82421875 0.04052734375 0.126953125 0.0771484375
0 0.29052734375 0.7802734375 0.1220703125 0.095703125
0 0.4189453125 0.90869140625 0.134765625 0.1494140625
0 0.5087890625 0.03271484375 0.060546875 0.0615234375
0 0.6337890625 0.1455078125 0.103515625 0.107421875
0 0.67236328125 0.21240234375 0.0654296875 0.0615234375
0 0.4228515625 0.15625 0.0625 0.107421875
0 0.46435546875 0.2265625 0.0830078125 0.08203125
0 0.853515625 0.1796875 0.0703125 0.06640625
0 0.50244140625 0.38037109375 0.1064453125 0.0966796875
0 0.0908203125 0.28759765625 0.142578125 0.0751953125
0 0.14697265625 0.9248046875 0.1396484375 0.146484375
0 0.255859375 0.93359375 0.064453125 0.109375
0 0.5 0.1435546875 0.15625 0.111328125
0 0.6904296875 0.4072265625 0.08203125 0.0703125
0 0.3466796875 0.6806640625 0.072265625 0.068359375
0 0.83935546875 0.6875 0.1279296875 0.09375
0 0.5673828125 0.27490234375 0.126953125 0.1064453125
0 0.3974609375 0.6572265625 0.091796875 0.099609375
0 0.7451171875 0.138671875 0.07421875 0.09375
0 0.69482421875 0.52001953125 0.0947265625 0.0693359375
0 0.4306640625 0.78759765625 0.072265625 0.1025390625
0 0.61669921875 0.95556640625 0.0966796875 0.0869140625
0 0.408203125 0.95068359375 0.064453125 0.0966796875
0 0.7666015625 0.36083984375 0.076171875 0.0927734375
0 0.66259765625 0.3232421875 0.1083984375 0.08203125
0 0.71337890625 0.03125 0.0888671875 0.0625
0 0.01513671875 0.20166015625 0.0302734375 0.0908203125
0 0.52587890625 0.85546875 0.0908203125 0.076171875
0 0.2734375 0.390625 0.078125 0.087890625
0 0.3427734375 0.06494140625 0.0859375 0.0966796875
0 0.04931640625 0.876953125 0.0576171875 0.05859375
0 0.802734375 0.13037109375 0.0703125 0.0810546875
0 0.943359375 0.75 0.111328125 0.0859375
0 0.62646484375 0.45849609375 0.1142578125 0.0654296875
