0 0.9638671875 0.38671875 0.0703125 0.138671875
0 0.68115234375 0.8134765625 0.1025390625 0.181640625
0 0.83154296875 0.42431640625 0.1103515625 0.1494140625
0 0.64697265625 0.95703125 0.0947265625 0.083984375
0 0.20703125 0.19384765625 0.083984375 0.0869140625
0 0.5859375 0.43701171875 0.236328125 0.1064453125
0 0.85791015625 0.57080078125 0.1494140625 0.0771484375
0 0.4775390625 0.65478515625 0.19921875 0.1005859375
0 0.48974609375 0.546875 0.2958984375 0.10546875
0 0.8798828125 0.271484375 0.18359375 0.18359375
0 0.03271484375 0.22802734375 0.0654296875 0.1669921875
0 0.53662109375 0.8212890625 0.0751953125 0.115234375
0 0.265625 0.0234375 0.1015625 0.046875
0 0.04736328125 0.89013671875 0.0947265625 0.1181640625
0 0.96826171875 0.6376953125 0.0615234375 0.08984375
0 0.9541015625 0.509765625 0.08984375 0.11328125
0 0.98828125 0.3642578125 0.021484375 0.08203125
0 0.154296875 0.22412109375 0.08984375 0.2802734375
0 0.83544921875 0.05810546875 0.1416015625 0.1162109375
0 0.7021484375 0.23046875 0.080078125 0.11328125
0 0.08740234375 0.3203125 0.1044921875 0.16015625
0 0.0830078125 0.05859375 0.09375 0.1171875
