0 0.0498046875 0.29736328125 0.099609375 0.1083984375
0 0.73876953125 0.0185546875 0.0966796875 0.03515625
0 0.8408203125 0.7236328125 0.19921875 0.12109375
0 0.0849609375 0.05419921875 0.08984375 0.1083984375
0 0.5615234375 0.80322265625 0.078125 0.1220703125
0 0.03564453125 0.05517578125 0.0712890625 0.1083984375
0 0.52734375 0.29638671875 0.0859375 0.0634765625
0 0.9521484375 0.3583984375 0.09375 0.09765625
0 0.16015625 0.30615234375 0.083984375 0.1728515625
0 0.11865234375 0.6005859375 0.1025390625 0.064453125
0 0.06005859375 0.2255859375 0.1142578125 0.140625
0 0.58251953125 0.10888671875 0.0654296875 0.0634765625
0 0.84130859375 0.17041015625 0.0693359375 0.1181640625
0 0.2734375 0.1005859375 0.107421875 0.06640625
0 0.80810546875 0.0380859375 0.0849609375 0.076171875
0 0.45556640625 0.74365234375 0.1533203125 0.1064453125
0 0.76025390625 0.927734375 0.0869140625 0.140625
0 0.58447265625 0.9677734375 0.0849609375 0.056640625
0 0.828125 0.27392578125 0.0703125 0.0576171875
0 0.888671875 0.59326171875 0.080078125 0.1181640625
0 0.302734375 0.8046875 0.09375 0.126953125
0 0.16796875 0.04052734375 0.11328125 0.0791015625
0 0.43212890625 0.15771484375 0.0966796875 0.0947265625
0 0.34765625 0.95068359375 0.12890625 0.0830078125
0 0.58935546875 0.42626953125 0.1025390625 0.2216796875
0 0.22705078125 0.34716796875 0.0869140625 0.0927734375
0 0.4931640625 0.26171875 0.125 0.09375
