0 0.591796875 0.974609375 0.087890625 0.048828125
0 0.8857421875 0.96875 0.0625 0.05859375
0 0.2470703125 0.2412109375 0.060546875 0.076171875
0 0.47216796875 0.85595703125 0.0888671875 0.1220703125
0 0.33740234375 0.970703125 0.1083984375 0.052734375
0 0.30517578125 0.47265625 0.1044921875 0.142578125
0 0.77587890625 0.48193359375 0.0869140625 0.0732421875
0 0.11669921875 0.15576171875 0.0966796875 0.0751953125
0 0.3310546875 0.3427734375 0.07421875 0.072265625
0 0.4462890625 0.31591796875 0.1015625 0.0947265625
0 0.884765625 0.697265625 0.095703125 0.1328125
0 0.38671875 0.201171875 0.10546875 0.1328125
0 0.61474609375 0.6220703125 0.1123046875 0.09375
0 0.72265625 0.97802734375 0.224609375 0.0419921875
0 0.21435546875 0.697265625 0.0810546875 0.119140625
0 0.5009765625 0.087890625 0.0703125 0.12109375
0 0.41748046875 0.08349609375 0.1220703125 0.1494140625
0 0.701171875 0.40234375 0.126953125 0.078125
0 0.12646484375 0.0380859375 0.1103515625 0.07421875
0 0.3994140625 0.5947265625 0.05859375 0.083984375
0 0.11181640625 0.72119140625 0.0927734375 0.1162109375
0 0.50927734375 0.4345703125 0.1240234375 0.087890625
0 0.216796875 0.96044921875 0.12109375 0.0732421875
0 0.1064453125 0.97412109375 0.1015625 0.0517578125
0 0.087890625 0.85546875 0.095703125 0.111328125
0 0.90966796875 0.39892578125 0.1435546875 0.0908203125
0 0.95458984375 0.75927734375 0.0888671875 0.0595703125
0 0.7392578125 0.9091796875 0.12109375 0.080078125
0 0.80029296875 0.40380859375 0.1064453125 0.1064453125
