0 0.97119140625 0.2333984375 0.0556640625 0.080078125
0 0.74072265625 0.97265625 0.1123046875 0.052734375
0 0.69140625 0.8466796875 0.1171875 0.1015625
0 0.77685546875 0.67822265625 0.1708984375 0.1865234375
0 0.77099609375 0.14892578125 0.0693359375 0.1767578125
0 0.0234375 0.5859375 0.046875 0.111328125
0 0.5 0.462890625 0.08984375 0.171875
0 0.916015625 0.0185546875 0.087890625 0.037109375
0 0.4609375 0.92919921875 0.08984375 0.1376953125
0 0.41650390625 0.54443359375 0.0791015625 0.1474609375
0 0.609375 0.958984375 0.208984375 0.07421875
0 0.6884765625 0.50927734375 0.08984375 0.0947265625
0 0.6943359375 0.2451171875 0.07421875 0.107421875
0 0.212890625 0.466796875 0.103515625 0.150390625
0 0.8857421875 0.34326171875 0.16796875 0.1162109375
0 0.93017578125 0.50341796875 0.1376953125 0.1357421875
0 0.23046875 0.1640625 0.09375 0.087890625
0 0.0322265625 0.7265625 0.064453125 0.06640625
0 0.66552734375 0.04638671875 0.0908203125 0.0927734375
0 0.96826171875 0.8095703125 0.0615234375 0.1796875
0 0.04443359375 0.8603515625 0.0888671875 0.109375
0 0.06689453125 0.07080078125 0.1318359375 0.1396484375
0 0.9736328125 0.0322265625 0.05078125 0.064453125
0 0.94775390625 0.92578125 0.1025390625 0.13671875
0 0.17041015625 0.03662109375 0.0830078125 0.0732421875
0 0.01953125 0.66650390625 0.0390625 0.1162109375
0 0.025390625 0.31494140625 0.05078125 0.1513671875
0 0.951171875 0.1044921875 0.095703125 0.06640625
0 0.56005859375 0.25146484375 0.1611328125 0.1904296875
0 0.115234375 0.7392578125 0.20703125 0.103515625
0 0.1845703125 0.31298828125 0.18359375 0.0791015625
0 0.50634765625 0.69873046875 0.1513671875 0.0927734375
0 0.2919921875 0.10986328125 0.10546875 0.1572265625
0 0.0791015625 0.43310546875 0.158203125 0.0908203125
0 0.76611328125 0.9033203125 0.0751953125 0.126953125
