0 0.732421875 0.86474609375 0.087890625 0.1474609375
0 0.26416015625 0.265625 0.1396484375 0.2109375
0 0.54052734375 0.6669921875 0.1181640625 0.083984375
0 0.55419921875 0.92626953125 0.1630859375 0.1435546875
0 0.10302734375 0.9443359375 0.0634765625 0.107421875
0 0.89794921875 0.4208984375 0.1005859375 0.138671875
0 0.6669921875 0.408203125 0.173828125 0.166015625
0 0.75830078125 0.32177734375 0.0927734375 0.2080078125
0 0.8134765625 0.06884765625 0.208984375 0.1376953125
0 0.4443359375 0.7021484375 0.12109375 0.091796875
0 0.7705078125 0.18798828125 0.107421875 0.1298828125
0 0.59033203125 0.55810546875 0.1943359375 0.0888671875
0 0.32568359375 0.71484375 0.1083984375 0.14453125
0 0.638671875 0.69091796875 0.19921875 0.1533203125
0 0.072265625 0.93212890625 0.14453125 0.1279296875
0 0.51708984375 0.04541015625 0.1025390625 0.0908203125
0 0.7177734375 0.88720703125 0.216796875 0.1044921875
0 0.45361328125 0.21875 0.1337890625 0.2421875
0 0.52880859375 0.22412109375 0.1162109375 0.1591796875
0 0.9580078125 0.02880859375 0.083984375 0.0556640625
0 0.06640625 0.25927734375 0.1328125 0.1279296875
0 0.08203125 0.484375 0.095703125 0.0859375
0 0.48583984375 0.4736328125 0.0947265625 0.08984375
0 0.3681640625 0.619140625 0.212890625 0.1171875
0 0.2607421875 0.947265625 0.12890625 0.095703125
0 0.96533203125 0.74609375 0.0673828125 0.080078125
0 0.96337890625 0.9541015625 0.0712890625 0.08984375
0 0.24462890625 0.2412109375 0.1865234375 0.27734375
0 0.35302734375 0.86474609375 0.0947265625 0.0869140625
0 0.09228515625 0.1376953125 0.1494140625 0.12890625
