0 0.19580078125 0.29833984375 0.0888671875 0.1064453125
0 0.74658203125 0.677734375 0.1005859375 0.1015625
0 0.529296875 0.3623046875 0.0859375 0.083984375
0 0.17431640625 0.4736328125 0.0986328125 0.0859375
0 0.44873046875 0.6123046875 0.0771484375 0.083984375
0 0.94921875 0.31884765625 0.1015625 0.1201171875
0 0.025390625 0.708984375 0.05078125 0.107421875
0 0.36376953125 0.646484375 0.0771484375 0.07421875
0 0.232421875 0.865234375 0.09765625 0.087890625
0 0.18359375 0.5166015625 0.111328125 0.09375
0 0.63916015625 0.25244140625 0.1650390625 0.2294921875
0 0.57666015625 0.09619140625 0.1005859375 0.0771484375
0 0.02978515625 0.52978515625 0.0595703125 0.1103515625
0 0.55419921875 0.0478515625 0.0830078125 0.08984375
0 0.64404296875 0.876953125 0.1044921875 0.142578125
0 0.11962890625 0.34423828125 0.1123046875 0.1962890625
0 0.8896484375 0.44384765625 0.09375 0.1162109375
0 0.80908203125 0.26513671875 0.1474609375 0.0947265625
0 0.56103515625 0.52490234375 0.1357421875 0.1630859375
0 0.80126953125 0.982421875 0.0849609375 0.033203125
0 0.60302734375 0.9228515625 0.0966796875 0.1328125
0 0.4169921875 0.15771484375 0.111328125 0.0888671875
0 0.556640625 0.80322265625 0.095703125 0.1416015625
0 0.57275390625 0.0458984375 0.1806640625 0.076171875
0 0.15185546875 0.97021484375 0.1298828125 0.0576171875
0 0.6962890625 0.51953125 0.126953125 0.13671875
0 0.19384765625 0.64794921875 0.1435546875 0.0927734375
0 0.03466796875 0.13037109375 0.0693359375 0.2099609375
0 0.365234375 0.931640625 0.24609375 0.1328125
0 0.685546875 0.95751953125 0.06640625 0.0810546875
0 0.77880859375 0.193359375 0.2021484375 0.2421875
