0 0.322265625 0.65771484375 0.138671875 0.1064453125
0 0.87255859375 0.24853515625 0.1064453125 0.0947265625
0 0.43212890625 0.95263671875 0.0947265625 0.0908203125
0 0.0390625 0.04443359375 0.078125 0.0888671875
0 0.5458984375 0.91552734375 0.111328125 0.1669921875
0 0.45947265625 0.1630859375 0.1357421875 0.091796875
0 0.97119140625 0.220703125 0.0556640625 0.103515625
0 0.41796875 0.35205078125 0.140625 0.0869140625
0 0.27734375 0.47607421875 0.12890625 0.1259765625
0 0.5 0.8193359375 0.11328125 0.15625
0 0.44677734375 0.24560546875 0.1044921875 0.1005859375
0 0.2548828125 0.94189453125 0.08203125 0.1162109375
0 0.02783203125 0.59423828125 0.0556640625 0.0966796875
0 0.88330078125 0.46533203125 0.0966796875 0.0947265625
0 0.076171875 0.4091796875 0.12890625 0.09765625
0 0.68310546875 0.87353515625 0.1552734375 0.1259765625
0 0.9296875 0.6787109375 0.1015625 0.0703125
0 0.890625 0.09130859375 0.11328125 0.1337890625
0 0.76416015625 0.12451171875 0.1396484375 0.1318359375
0 0.9736328125 0.69091796875 0.052734375 0.0830078125
0 0.73876953125 0.7880859375 0.1123046875 0.12890625
0 0.2958984375 0.19677734375 0.09765625 0.1025390625
0 0.2060546875 0.10205078125 0.08984375 0.0927734375
0 0.40576171875 0.04345703125 0.1337890625 0.0849609375
0 0.2265625 0.69384765625 0.1484375 0.0634765625
0 0.9365234375 0.2392578125 0.07421875 0.109375
0 0.75244140625 0.3662109375 0.1123046875 0.09375
0 0.63427734375 0.177734375 0.1396484375 0.125
0 0.76904296875 0.5908203125 0.1220703125 0.1015625
0 0.6845703125 0.7109375 0.09765625 0.130859375
