0 0.4130859375 0.802734375 0.107421875 0.0859375
0 0.8017578125 0.359375 0.076171875 0.099609375
0 0.35205078125 0.96826171875 0.0849609375 0.0576171875
0 0.931640625 0.65625 0.087890625 0.1328125
0 0.97607421875 0.126953125 0.0458984375 0.0703125
0 0.6904296875 0.69140625 0.083984375 0.1171875
0 0.50537109375 0.96142578125 0.1181640625 0.0693359375
0 0.5419921875 0.48681640625 0.095703125 0.0791015625
0 0.89453125 0.4013671875 0.080078125 0.109375
0 0.5078125 0.279296875 0.1171875 0.080078125
0 0.59326171875 0.9619140625 0.0966796875 0.07421875
0 0.78466796875 0.45361328125 0.0849609375 0.0966796875
0 0.1123046875 0.60986328125 0.087890625 0.0888671875
0 0.337890625 0.53076171875 0.11328125 0.0947265625
0 0.4111328125 0.1044921875 0.095703125 0.0625
0 0.23486328125 0.4794921875 0.0849609375 0.078125
0 0.0771484375 0.806640625 0.09375 0.08984375
0 0.1728515625 0.80810546875 0.1171875 0.0947265625
0 0.07763671875 0.39404296875 0.0947265625 0.0712890625
0 0.97119140625 0.36083984375 0.0556640625 0.0498046875
0 0.97021484375 0.84521484375 0.0576171875 0.0888671875
0 0.84619140625 0.8154296875 0.0966796875 0.111328125
0 0.3701171875 0.427734375 0.083984375 0.083984375
0 0.47705078125 0.21044921875 0.0927734375 0.1318359375
0 0.7529296875 0.05712890625 0.060546875 0.0673828125
0 0.71533203125 0.970703125 0.0791015625 0.056640625
