0 0.01611328125 0.10302734375 0.0322265625 0.1162109375
0 0.20947265625 0.87060546875 0.1025390625 0.1259765625
0 0.2841796875 0.04052734375 0.08203125 0.0615234375
0 0.427734375 0.72802734375 0.12109375 0.1142578125
0 0.34765625 0.150390625 0.087890625 0.10546875
0 0.98193359375 0.64794921875 0.0341796875 0.0810546875
0 0.88720703125 0.6123046875 0.1005859375 0.087890625
0 0.30810546875 0.54345703125 0.1083984375 0.1181640625
0 0.33837890625 0.7529296875 0.1220703125 0.07421875
0 0.37255859375 0.4892578125 0.0693359375 0.11328125
0 0.83984375 0.1630859375 0.08203125 0.1171875
0 0.2685546875 0.4931640625 0.07421875 0.056640625
0 0.5537109375 0.75830078125 0.099609375 0.0947265625
0 0.56103515625 0.87890625 0.0771484375 0.142578125
0 0.8955078125 0.73681640625 0.150390625 0.1474609375
0 0.85791015625 0.0302734375 0.0576171875 0.05859375
0 0.59375 0.05810546875 0.080078125 0.1005859375
0 0.435546875 0.40673828125 0.078125 0.1025390625
0 0.1708984375 0.810546875 0.087890625 0.103515625
0 0.90966796875 0.30126953125 0.0771484375 0.0693359375
0 0.7470703125 0.25341796875 0.138671875 0.0888671875
0 0.84423828125 0.33349609375 0.0908203125 0.0947265625
0 0.08203125 0.80615234375 0.076171875 0.1435546875
0 0.33251953125 0.8330078125 0.0908203125 0.080078125
0 0.15478515625 0.27099609375 0.0712890625 0.1044921875
0 0.8359375 0.974609375 0.083984375 0.048828125
0 0.97314453125 0.912109375 0.0517578125 0.173828125
0 0.9794921875 0.32177734375 0.0390625 0.1396484375
0 0.12255859375 0.70703125 0.1767578125 0.09765625
0 0.94287109375 0.080078125 0.1123046875 0.080078125
0 0.38671875 0.072265625 0.07421875 0.064453125
