0 0.50830078125 0.626953125 0.0693359375 0.107421875
0 0.2587890625 0.2685546875 0.103515625 0.140625
0 0.4833984375 0.76025390625 0.078125 0.0810546875
0 0.86279296875 0.74462890625 0.0830078125 0.0908203125
0 0.80517578125 0.677734375 0.0810546875 0.083984375
0 0.6279296875 0.68701171875 0.123046875 0.0888671875
0 0.1953125 0.43798828125 0.080078125 0.0830078125
0 0.626953125 0.02099609375 0.1015625 0.0380859375
0 0.04052734375 0.4619140625 0.0810546875 0.11328125
0 0.2177734375 0.56298828125 0.107421875 0.0888671875
0 0.14013671875 0.98291015625 0.1181640625 0.0322265625
0 0.68505859375 0.193359375 0.0869140625 0.072265625
0 0.294921875 0.03759765625 0.123046875 0.0732421875
0 0.88037109375 0.333984375 0.0966796875 0.064453125
0 0.8017578125 0.10302734375 0.125 0.1513671875
0 0.96533203125 0.5771484375 0.0673828125 0.125
0 0.490234375 0.9541015625 0.111328125 0.06640625
0 0.67041015625 0.8291015625 0.0966796875 0.099609375
0 0.9384765625 0.2431640625 0.09765625 0.083984375
0 0.49462890625 0.4931640625 0.0771484375 0.083984375
0 0.38330078125 0.97998046875 0.0927734375 0.0380859375
0 0.494140625 0.8701171875 0.08984375 0.130859375
0 0.37255859375 0.50341796875 0.1318359375 0.0888671875
0 0.0703125 0.54052734375 0.140625 0.1005859375
