0 0.82470703125 0.83642578125 0.1611328125 0.2001953125
0 0.05322265625 0.20751953125 0.0947265625 0.1220703125
0 0.1201171875 0.0849609375 0.07421875 0.16796875
0 0.61328125 0.8740234375 0.08203125 0.0703125
0 0.73486328125 0.45068359375 0.1396484375 0.0791015625
0 0.767578125 0.7744140625 0.13671875 0.091796875
0 0.2646484375 0.09814453125 0.107421875 0.1962890625
0 0.16748046875 0.4501953125 0.0712890625 0.080078125
0 0.76171875 0.68994140625 0.11328125 0.0927734375
0 0.6826171875 0.943359375 0.1328125 0.107421875
0 0.251953125 0.85986328125 0.103515625 0.0966796875
0 0.66650390625 0.25 0.0498046875 0.109375
0 0.08984375 0.14697265625 0.1015625 0.1904296875
0 0.04736328125 0.53466796875 0.0947265625 0.0888671875
0 0.2177734375 0.751953125 0.08984375 0.12890625
0 0.45751953125 0.88916015625 0.0751953125 0.0751953125
0 0.64208984375 0.19091796875 0.0771484375 0.0771484375
0 0.54736328125 0.03076171875 0.0791015625 0.0595703125
0 0.2412109375 0.66552734375 0.115234375 0.0966796875
0 0.22265625 0.4013671875 0.162109375 0.134765625
0 0.4716796875 0.20458984375 0.134765625 0.1630859375
0 0.8857421875 0.91748046875 0.05078125 0.0556640625
0 0.63671875 0.6455078125 0.046875 0.076171875
0 0.61572265625 0.0419921875 0.0751953125 0.083984375
0 0.26708984375 0.57421875 0.0673828125 0.095703125
0 0.15185546875 0.88916015625 0.0947265625 0.0966796875
0 0.04736328125 0.96875 0.0947265625 0.060546875
0 0.78515625 0.0625 0.12890625 0.0703125
0 0.8095703125 0.35986328125 0.126953125 0.0947265625
0 0.6630859375 0.52978515625 0.138671875 0.0869140625
0 0.525390625 0.3505859375 0.1015625 0.10546875
