0 0.9755859375 0.81201171875 0.046875 0.0888671875
0 0.50732421875 0.154296875 0.0927734375 0.10546875
0 0.71923828125 0.51513671875 0.0751953125 0.0732421875
0 0.2080078125 0.361328125 0.09375 0.080078125
0 0.57763671875 0.21142578125 0.0712890625 0.0849609375
0 0.02685546875 0.955078125 0.0537109375 0.087890625
0 0.044921875 0.421875 0.076171875 0.080078125
0 0.201171875 0.0673828125 0.046875 0.091796875
0 0.1142578125 0.4033203125 0.10546875 0.0703125
0 0.61572265625 0.89013671875 0.0888671875 0.1083984375
0 0.20068359375 0.02587890625 0.0927734375 0.0517578125
0 0.37548828125 0.35791015625 0.0927734375 0.0849609375
0 0.86767578125 0.048828125 0.0849609375 0.07421875
0 0.392578125 0.11181640625 0.076171875 0.0576171875
0 0.849609375 0.494140625 0.083984375 0.06640625
0 0.7470703125 0.79248046875 0.103515625 0.0849609375
0 0.66455078125 0.1494140625 0.1181640625 0.080078125
0 0.76806640625 0.58935546875 0.0908203125 0.1083984375
0 0.9365234375 0.27001953125 0.125 0.0966796875
0 0.63916015625 0.34716796875 0.1240234375 0.0908203125
0 0.6982421875 0.95947265625 0.08984375 0.0791015625
0 0.29150390625 0.93798828125 0.0947265625 0.0908203125
0 0.2265625 0.1728515625 0.080078125 0.080078125
0 0.42578125 0.97900390625 0.134765625 0.0400390625
0 0.55029296875 0.6279296875 0.0888671875 0.123046875
0 0.9638671875 0.07080078125 0.0703125 0.1416015625
0 0.57763671875 0.07421875 0.0908203125 0.14453125
0 0.853515625 0.1435546875 0.076171875 0.103515625
0 0.30322265625 0.0673828125 0.0791015625 0.1015625
0 0.22705078125 0.7158203125 0.0947265625 0.103515625
0 0.8916015625 0.43115234375 0.125 0.1064453125
