0 0.98095703125 0.18310546875 0.0361328125 0.0810546875
0 0.466796875 0.044921875 0.064453125 0.087890625
0 0.96875 0.59423828125 0.0625 0.0771484375
0 0.85107421875 0.11376953125 0.1513671875 0.1142578125
0 0.8798828125 0.20556640625 0.150390625 0.1064453125
0 0.01708984375 0.19140625 0.0341796875 0.076171875
0 0.98193359375 0.404296875 0.0341796875 0.09375
0 0.71435546875 0.0380859375 0.1552734375 0.076171875
0 0.24951171875 0.701171875 0.1142578125 0.169921875
0 0.97412109375 0.6845703125 0.0498046875 0.134765625
0 0.52197265625 0.05810546875 0.0869140625 0.1162109375
0 0.19384765625 0.841796875 0.1455078125 0.1015625
0 0.77001953125 0.27197265625 0.0712890625 0.0810546875
0 0.33984375 0.6064453125 0.107421875 0.126953125
0 0.15283203125 0.43408203125 0.1044921875 0.1103515625
0 0.7412109375 0.1787109375 0.1015625 0.130859375
