0 0.37890625 0.93994140625 0.111328125 0.1181640625
0 0.70361328125 0.81201171875 0.1220703125 0.1142578125
0 0.76123046875 0.97607421875 0.1494140625 0.0478515625
0 0.97216796875 0.35400390625 0.0556640625 0.0654296875
0 0.9072265625 0.49853515625 0.115234375 0.1611328125
0 0.96923828125 0.5576171875 0.0595703125 0.21875
0 0.611328125 0.591796875 0.095703125 0.083984375
0 0.806640625 0.2705078125 0.080078125 0.099609375
0 0.28271484375 0.51220703125 0.0888671875 0.1044921875
0 0.82470703125 0.017578125 0.0419921875 0.03515625
0 0.9462890625 0.01416015625 0.10546875 0.0283203125
0 0.64501953125 0.4462890625 0.1181640625 0.1015625
0 0.72265625 0.2958984375 0.107421875 0.11328125
0 0.92041015625 0.77587890625 0.1572265625 0.1259765625
0 0.0927734375 0.71337890625 0.185546875 0.1337890625
0 0.60205078125 0.51708984375 0.1337890625 0.1025390625
0 0.81396484375 0.51953125 0.1005859375 0.125
0 0.91357421875 0.94091796875 0.1181640625 0.1083984375
0 0.43310546875 0.86572265625 0.1318359375 0.1103515625
0 0.77685546875 0.37060546875 0.1005859375 0.0908203125
0 0.52099609375 0.97509765625 0.1083984375 0.0498046875
0 0.8427734375 0.1650390625 0.087890625 0.0703125
0 0.5244140625 0.3544921875 0.150390625 0.09375
0 0.130859375 0.4765625 0.111328125 0.091796875
0 0.20068359375 0.39111328125 0.1337890625 0.1201171875
0 0.677734375 0.6865234375 0.1875 0.13671875
0 0.376953125 0.4990234375 0.12109375 0.173828125
0 0.0322265625 0.58203125 0.064453125 0.154296875
0 0.3623046875 0.615234375 0.095703125 0.173828125
0 0.15234375 0.3017578125 0.126953125 0.0703125
