0 0.90234375 0.04833984375 0.060546875 0.0947265625
0 0.29296875 0.53271484375 0.17578125 0.1416015625
0 0.7705078125 0.265625 0.212890625 0.1015625
0 0.93212890625 0.4443359375 0.1337890625 0.26953125
0 0.7939453125 0.3876953125 0.115234375 0.052734375
0 0.88818359375 0.32470703125 0.1708984375 0.1630859375
0 0.59912109375 0.83935546875 0.1103515625 0.1005859375
0 0.82421875 0.8583984375 0.0703125 0.25
0 0.62939453125 0.26318359375 0.0947265625 0.1884765625
0 0.076171875 0.81103515625 0.15234375 0.1083984375
0 0.1728515625 0.20458984375 0.154296875 0.1513671875
0 0.017578125 0.693359375 0.03515625 0.07421875
0 0.041015625 0.5546875 0.08203125 0.130859375
0 0.55419921875 0.49560546875 0.1552734375 0.1337890625
0 0.70263671875 0.22216796875 0.0908203125 0.1181640625
0 0.7646484375 0.45166015625 0.126953125 0.1025390625
0 0.9365234375 0.93115234375 0.125 0.1259765625
0 0.04345703125 0.2236328125 0.0869140625 0.1328125
0 0.85302734375 0.21728515625 0.0869140625 0.1201171875
0 0.96435546875 0.13330078125 0.0693359375 0.2451171875
0 0.72705078125 0.84814453125 0.1396484375 0.2060546875
0 0.986328125 0.89501953125 0.025390625 0.1455078125
0 0.177734375 0.45263671875 0.099609375 0.1650390625
0 0.7080078125 0.9775390625 0.201171875 0.04296875
0 0.05859375 0.46142578125 0.1171875 0.1416015625
0 0.31005859375 0.87548828125 0.1064453125 0.1396484375
