0 0.18408203125 0.74755859375 0.1201171875 0.0732421875
0 0.2060546875 0.37109375 0.099609375 0.150390625
0 0.80126953125 0.8984375 0.1650390625 0.08203125
0 0.724609375 0.12158203125 0.076171875 0.1376953125
0 0.5869140625 0.51220703125 0.091796875 0.1005859375
0 0.0107421875 0.74365234375 0.021484375 0.0654296875
0 0.0458984375 0.77099609375 0.091796875 0.1005859375
0 0.34912109375 0.0927734375 0.0908203125 0.12890625
0 0.07177734375 0.06201171875 0.1435546875 0.0966796875
0 0.96923828125 0.20654296875 0.0595703125 0.1025390625
0 0.091796875 0.71826171875 0.072265625 0.0791015625
0 0.8251953125 0.4853515625 0.09765625 0.103515625
0 0.01025390625 0.6953125 0.0205078125 0.1015625
0 0.513671875 0.15478515625 0.12109375 0.1162109375
0 0.39306640625 0.6083984375 0.1259765625 0.119140625
0 0.98193359375 0.25 0.0341796875 0.09375
0 0.88916015625 0.11181640625 0.1494140625 0.1044921875
0 0.5107421875 0.95703125 0.095703125 0.083984375
0 0.25537109375 0.61865234375 0.1337890625 0.1083984375
0 0.3662109375 0.685546875 0.078125 0.07421875
0 0.58447265625 0.6689453125 0.0927734375 0.091796875
0 0.41259765625 0.0732421875 0.0771484375 0.142578125
