0 0.970703125 0.85888671875 0.056640625 0.0732421875
0 0.93505859375 0.78125 0.0791015625 0.076171875
0 0.40673828125 0.98486328125 0.0576171875 0.0283203125
0 0.45556640625 0.3720703125 0.1044921875 0.076171875
0 0.7861328125 0.24072265625 0.068359375 0.0888671875
0 0.8349609375 0.03564453125 0.10546875 0.0673828125
0 0.54150390625 0.447265625 0.0869140625 0.072265625
0 0.96728515625 0.24169921875 0.0634765625 0.0634765625
0 0.56884765625 0.1142578125 0.0830078125 0.1328125
0 0.5556640625 0.59033203125 0.076171875 0.1103515625
0 0.69384765625 0.2490234375 0.1005859375 0.072265625
0 0.060546875 0.041015625 0.09765625 0.08203125
0 0.58251953125 0.19677734375 0.1005859375 0.0986328125
0 0.6826171875 0.626953125 0.099609375 0.115234375
0 0.39111328125 0.5673828125 0.0966796875 0.068359375
0 0.376953125 0.3076171875 0.076171875 0.08984375
0 0.47998046875 0.84912109375 0.1611328125 0.0908203125
0 0.833984375 0.88623046875 0.138671875 0.0771484375
0 0.98681640625 0.08349609375 0.0244140625 0.0986328125
0 0.93896484375 0.0673828125 0.1201171875 0.134765625
0 0.646484375 0.01220703125 0.06640625 0.0244140625
0 0.02783203125 0.65966796875 0.0556640625 0.1318359375
0 0.19677734375 0.41455078125 0.1162109375 0.0732421875
0 0.017578125 0.31787109375 0.03515625 0.1591796875
0 0.60693359375 0.6435546875 0.1728515625 0.076171875
0 0.8369140625 0.57470703125 0.119140625 0.1845703125
0 0.93798828125 0.30859375 0.1220703125 0.134765625
0 0.9833984375 0.52392578125 0.03125 0.1376953125
0 0.41259765625 0.2666015625 0.0732421875 0.15234375
0 0.36181640625 0.77587890625 0.1083984375 0.1064453125
0 0.59912109375 0.95068359375 0.1455078125 0.0966796875
0 0.802734375 0.58203125 0.07421875 0.10546875
0 0.95654296875 0.91357421875 0.0849609375 0.0986328125
0 0.890625 0.17138671875 0.072265625 0.1357421875
0 0.50634765625 0.02880859375 0.0771484375 0.0576171875
0 0.65380859375 0.30224609375 0.0810546875 0.1220703125
0 0.4287109375 0.4541015625 0.1484375 0.08984375
0 0.41552734375 0.5400390625 0.0888671875 0.068359375
0 0.43505859375 0.14794921875 0.1044921875 0.1533203125
0 0.6328125 0.58837890625 0.12109375 0.1142578125
