0 0.47265625 0.41064453125 0.2109375 0.0849609375
0 0.10546875 0.93408203125 0.0703125 0.1025390625
0 0.14794921875 0.0927734375 0.1103515625 0.125
0 0.44384765625 0.31787109375 0.0732421875 0.1201171875
0 0.31005859375 0.93359375 0.0458984375 0.080078125
0 0.40283203125 0.20263671875 0.1826171875 0.2666015625
0 0.04296875 0.94189453125 0.0859375 0.1044921875
0 0.59521484375 0.96875 0.1142578125 0.05078125
0 0.53564453125 0.19287109375 0.1279296875 0.1259765625
0 0.12451171875 0.8603515625 0.1630859375 0.10546875
0 0.25341796875 0.14501953125 0.0810546875 0.1513671875
0 0.68994140625 0.18994140625 0.0869140625 0.0693359375
0 0.32861328125 0.9208984375 0.0537109375 0.1328125
0 0.9541015625 0.3359375 0.08984375 0.24609375
0 0.75537109375 0.927734375 0.1435546875 0.142578125
0 0.89892578125 0.78857421875 0.2001953125 0.0966796875
0 0.6328125 0.37744140625 0.150390625 0.1806640625
0 0.5859375 0.51220703125 0.20703125 0.0869140625
0 0.126953125 0.32470703125 0.1328125 0.1083984375
0 0.7197265625 0.2607421875 0.119140625 0.1171875
0 0.65234375 0.57275390625 0.23828125 0.0673828125
0 0.87109375 0.84228515625 0.255859375 0.1044921875
0 0.83544921875 0.56884765625 0.1572265625 0.1650390625
0 0.68896484375 0.88818359375 0.1455078125 0.1025390625
0 0.62548828125 0.44970703125 0.1181640625 0.0751953125
0 0.28271484375 0.080078125 0.1845703125 0.154296875
0 0.5634765625 0.28955078125 0.1640625 0.1201171875
0 0.6630859375 0.322265625 0.126953125 0.095703125
