0 0.287109375 0.65478515625 0.189453125 0.1298828125
0 0.5771484375 0.22998046875 0.048828125 0.1025390625
0 0.12646484375 0.275390625 0.1474609375 0.197265625
0 0.9814453125 0.4599609375 0.03515625 0.205078125
0 0.85400390625 0.501953125 0.1416015625 0.173828125
0 0.02099609375 0.87255859375 0.0419921875 0.1552734375
0 0.03466796875 0.44677734375 0.0693359375 0.1357421875
0 0.078125 0.98876953125 0.03515625 0.0185546875
0 0.7548828125 0.5830078125 0.173828125 0.13671875
0 0.72314453125 0.3935546875 0.1025390625 0.083984375
0 0.54638671875 0.62890625 0.1884765625 0.19140625
0 0.96826171875 0.580078125 0.0615234375 0.080078125
0 0.67041015625 0.28125 0.1025390625 0.111328125
0 0.1123046875 0.98974609375 0.037109375 0.0205078125
0 0.95068359375 0.3857421875 0.0966796875 0.076171875
0 0.57373046875 0.31005859375 0.1435546875 0.0732421875
0 0.484375 0.537109375 0.111328125 0.17578125
0 0.48193359375 0.0537109375 0.1357421875 0.10546875
0 0.36865234375 0.15087890625 0.2041015625 0.0908203125
0 0.28955078125 0.31591796875 0.0849609375 0.2197265625
0 0.86865234375 0.10205078125 0.2568359375 0.0830078125
0 0.53857421875 0.509765625 0.1123046875 0.08203125
0 0.697265625 0.47412109375 0.095703125 0.0732421875
0 0.904296875 0.62841796875 0.1171875 0.1103515625
0 0.0849609375 0.48193359375 0.05859375 0.1943359375
0 0.982421875 0.19140625 0.03125 0.044921875
0 0.314453125 0.9521484375 0.201171875 0.09375
0 0.62890625 0.4150390625 0.08203125 0.08203125
0 0.49365234375 0.142578125 0.1552734375 0.091796875
0 0.794921875 0.35546875 0.11328125 0.083984375
0 0.9765625 0.26025390625 0.044921875 0.1044921875
