0 0.63818359375 0.40234375 0.1005859375 0.16796875
0 0.6748046875 0.3486328125 0.06640625 0.119140625
0 0.048828125 0.46044921875 0.09765625 0.0693359375
0 0.689453125 0.60302734375 0.1171875 0.1005859375
0 0.2724609375 0.2763671875 0.12890625 0.07421875
0 0.875 0.37939453125 0.201171875 0.1455078125
0 0.107421875 0.2392578125 0.123046875 0.10546875
0 0.80810546875 0.1123046875 0.1865234375 0.10546875
0 0.2392578125 0.27587890625 0.177734375 0.0986328125
0 0.5419921875 0.03955078125 0.068359375 0.0791015625
0 0.4443359375 0.83935546875 0.166015625 0.0986328125
0 0.58544921875 0.62939453125 0.1005859375 0.1572265625
0 0.12158203125 0.44775390625 0.1083984375 0.0751953125
0 0.3046875 0.54248046875 0.095703125 0.0986328125
0 0.859375 0.97216796875 0.1015625 0.0517578125
0 0.826171875 0.59619140625 0.08203125 0.1845703125
0 0.03515625 0.9296875 0.0703125 0.138671875
0 0.60205078125 0.712890625 0.1787109375 0.14453125
0 0.037109375 0.7548828125 0.07421875 0.123046875
0 0.57568359375 0.24853515625 0.0771484375 0.0693359375
0 0.6552734375 0.88525390625 0.1171875 0.1318359375
0 0.7431640625 0.45458984375 0.078125 0.1298828125
0 0.05517578125 0.0625 0.1103515625 0.095703125
