0 0.1865234375 0.2138671875 0.099609375 0.1015625
0 0.9150390625 0.19775390625 0.087890625 0.0966796875
0 0.8076171875 0.59375 0.125 0.109375
0 0.70556640625 0.908203125 0.0888671875 0.181640625
0 0.3154296875 0.38818359375 0.146484375 0.1220703125
0 0.3447265625 0.033203125 0.07421875 0.060546875
0 0.89453125 0.96630859375 0.173828125 0.0634765625
0 0.24169921875 0.42578125 0.1943359375 0.0390625
0 0.57666015625 0.556640625 0.0751953125 0.07421875
0 0.96240234375 0.85693359375 0.0732421875 0.0771484375
0 0.390625 0.86474609375 0.103515625 0.1513671875
0 0.3515625 0.10888671875 0.115234375 0.1025390625
0 0.0859375 0.77783203125 0.08984375 0.1201171875
0 0.76513671875 0.2724609375 0.1083984375 0.09375
0 0.81591796875 0.7373046875 0.1025390625 0.08203125
0 0.9365234375 0.06494140625 0.0859375 0.1298828125
0 0.671875 0.52685546875 0.0625 0.0634765625
0 0.57763671875 0.3740234375 0.1396484375 0.083984375
0 0.7470703125 0.43701171875 0.08203125 0.0830078125
0 0.51708984375 0.31884765625 0.0732421875 0.0654296875
0 0.97509765625 0.61376953125 0.0478515625 0.1787109375
0 0.64697265625 0.60693359375 0.1611328125 0.1005859375
0 0.87353515625 0.89453125 0.1552734375 0.0859375
0 0.71826171875 0.33935546875 0.0693359375 0.1083984375
0 0.52880859375 0.041015625 0.1474609375 0.078125
0 0.09765625 0.16162109375 0.09375 0.0830078125
