0 0.31689453125 0.37255859375 0.0673828125 0.0732421875
0 0.33544921875 0.23974609375 0.0732421875 0.0693359375
0 0.0478515625 0.34521484375 0.095703125 0.0615234375
0 0.3369140625 0.07861328125 0.08203125 0.1162109375
0 0.7822265625 0.65185546875 0.119140625 0.1142578125
0 0.62353515625 0.4013671875 0.0869140625 0.103515625
0 0.5537109375 0.71875 0.119140625 0.134765625
0 0.947265625 0.7978515625 0.076171875 0.087890625
0 0.82470703125 0.7353515625 0.0771484375 0.076171875
0 0.60107421875 0.98193359375 0.0732421875 0.0341796875
0 0.7001953125 0.935546875 0.107421875 0.099609375
0 0.01318359375 0.7470703125 0.0263671875 0.12109375
0 0.42041015625 0.11181640625 0.0791015625 0.1025390625
0 0.814453125 0.96044921875 0.146484375 0.0732421875
0 0.90625 0.26904296875 0.083984375 0.0751953125
0 0.14208984375 0.7841796875 0.0947265625 0.0859375
0 0.41796875 0.75 0.08203125 0.080078125
0 0.54296875 0.84326171875 0.109375 0.0947265625
0 0.47802734375 0.083984375 0.0888671875 0.111328125
0 0.95703125 0.19384765625 0.083984375 0.1025390625
0 0.8837890625 0.9052734375 0.052734375 0.0859375
0 0.23291015625 0.37890625 0.0888671875 0.072265625
0 0.33935546875 0.310546875 0.0732421875 0.0703125
0 0.42578125 0.61474609375 0.091796875 0.0693359375
0 0.4755859375 0.98828125 0.0625 0.01953125
0 0.71630859375 0.5810546875 0.0830078125 0.1171875
0 0.38232421875 0.9716796875 0.0888671875 0.0546875
0 0.14892578125 0.65771484375 0.1083984375 0.0927734375
0 0.96337890625 0.0625 0.0712890625 0.068359375
0 0.72607421875 0.333984375 0.0751953125 0.1015625
0 0.2021484375 0.31103515625 0.095703125 0.0927734375
0 0.505859375 0.1162109375 0.083984375 0.060546875
0 0.53125 0.5263671875 0.091796875 0.09375
0 0.2900390625 0.72607421875 0.0625 0.0908203125
0 0.29248046875 0.93310546875 0.0732421875 0.0947265625
0 0.6142578125 0.53515625 0.076171875 0.083984375
