0 0.19921875 0.5634765625 0.130859375 0.0859375
0 0.20361328125 0.408203125 0.1455078125 0.115234375
0 0.0478515625 0.47265625 0.095703125 0.095703125
0 0.2470703125 0.81103515625 0.15234375 0.1240234375
0 0.84765625 0.27734375 0.13671875 0.0859375
0 0.02783203125 0.1171875 0.0556640625 0.06640625
0 0.55810546875 0.96533203125 0.0595703125 0.0673828125
0 0.59130859375 0.19482421875 0.0732421875 0.1142578125
0 0.986328125 0.69287109375 0.025390625 0.1201171875
0 0.2998046875 0.970703125 0.087890625 0.056640625
0 0.74951171875 0.11279296875 0.0654296875 0.0751953125
0 0.1171875 0.8330078125 0.08984375 0.125
0 0.88818359375 0.458984375 0.1025390625 0.09375
0 0.98486328125 0.87646484375 0.0283203125 0.1240234375
0 0.51171875 0.92724609375 0.11328125 0.0869140625
0 0.02294921875 0.29052734375 0.0458984375 0.0908203125
0 0.9326171875 0.3154296875 0.1328125 0.076171875
0 0.82666015625 0.05810546875 0.0830078125 0.0966796875
0 0.09912109375 0.3662109375 0.0869140625 0.0859375
0 0.63330078125 0.17626953125 0.0771484375 0.1142578125
0 0.70263671875 0.4501953125 0.1259765625 0.158203125
0 0.92138671875 0.21240234375 0.1552734375 0.0869140625
0 0.07470703125 0.6826171875 0.1083984375 0.072265625
0 0.349609375 0.1005859375 0.10546875 0.078125
0 0.49267578125 0.6611328125 0.1650390625 0.1640625
0 0.14013671875 0.966796875 0.1572265625 0.064453125
0 0.34619140625 0.39404296875 0.0888671875 0.1806640625
0 0.87451171875 0.96044921875 0.0595703125 0.0654296875
0 0.416015625 0.53515625 0.1015625 0.087890625
0 0.029296875 0.60302734375 0.05859375 0.1533203125
0 0.458984375 0.02685546875 0.095703125 0.0537109375
0 0.43310546875 0.53955078125 0.1025390625 0.1689453125
