0 0.12158203125 0.2734375 0.1005859375 0.08984375
0 0.72265625 0.52587890625 0.10546875 0.1044921875
0 0.20458984375 0.13671875 0.0869140625 0.080078125
0 0.337890625 0.76123046875 0.076171875 0.1044921875
0 0.81689453125 0.75634765625 0.0732421875 0.1083984375
0 0.25634765625 0.8134765625 0.1083984375 0.21875
0 0.77880859375 0.42578125 0.0849609375 0.072265625
0 0.41015625 0.8251953125 0.119140625 0.166015625
0 0.08740234375 0.06982421875 0.1005859375 0.1376953125
0 0.16748046875 0.814453125 0.1201171875 0.08984375
0 0.23291015625 0.0732421875 0.0888671875 0.146484375
0 0.9140625 0.94580078125 0.09765625 0.1044921875
0 0.96533203125 0.71484375 0.0693359375 0.177734375
0 0.951171875 0.81103515625 0.083984375 0.1240234375
0 0.802734375 0.57421875 0.115234375 0.162109375
