0 0.041015625 0.94677734375 0.08203125 0.1025390625
0 0.9853515625 0.75830078125 0.029296875 0.1025390625
0 0.05126953125 0.55859375 0.1025390625 0.27734375
0 0.49267578125 0.08056640625 0.0810546875 0.1396484375
0 0.8427734375 0.65283203125 0.3125 0.1025390625
0 0.63818359375 0.4150390625 0.3056640625 0.115234375
0 0.68212890625 0.7939453125 0.1533203125 0.09765625
0 0.970703125 0.82275390625 0.0546875 0.2353515625
0 0.8759765625 0.7373046875 0.08984375 0.08203125
0 0.6591796875 0.09130859375 0.24609375 0.1337890625
0 0.4267578125 0.45068359375 0.08984375 0.0693359375
0 0.8212890625 0.8583984375 0.251953125 0.142578125
0 0.27197265625 0.70458984375 0.0810546875 0.1552734375
0 0.4482421875 0.9560546875 0.08984375 0.0859375
0 0.03369140625 0.11181640625 0.0673828125 0.2216796875
0 0.39990234375 0.1962890625 0.1005859375 0.099609375
0 0.5048828125 0.60546875 0.078125 0.080078125
0 0.03173828125 0.37744140625 0.0634765625 0.1650390625
0 0.04736328125 0.7080078125 0.0908203125 0.1640625
0 0.921875 0.35009765625 0.154296875 0.1298828125
0 0.04931640625 0.85302734375 0.0908203125 0.0966796875
0 0.91796875 0.22021484375 0.123046875 0.0693359375
0 0.53271484375 0.22607421875 0.1044921875 0.0732421875
0 0.740234375 0.74365234375 0.072265625 0.0634765625
0 0.798828125 0.69482421875 0.244140625 0.0458984375
0 0.90087890625 0.49462890625 0.1943359375 0.1533203125
0 0.3701171875 0.525390625 0.0625 0.146484375
0 0.1767578125 0.8759765625 0.1484375 0.08203125
0 0.06982421875 0.05224609375 0.0654296875 0.1044921875
0 0.51123046875 0.36376953125 0.1474609375 0.0986328125
