0 0.7578125 0.24169921875 0.080078125 0.0693359375
0 0.984375 0.04345703125 0.029296875 0.0869140625
0 0.8125 0.16162109375 0.09765625 0.0751953125
0 0.236328125 0.2587890625 0.109375 0.080078125
0 0.6923828125 0.318359375 0.09765625 0.072265625
0 0.5146484375 0.04052734375 0.064453125 0.0810546875
0 0.69287109375 0.5849609375 0.0869140625 0.109375
0 0.7177734375 0.9501953125 0.08984375 0.09375
0 0.5400390625 0.1591796875 0.0859375 0.125
0 0.02392578125 0.9775390625 0.0478515625 0.04296875
0 0.03857421875 0.1083984375 0.0771484375 0.0625
0 0.25146484375 0.76025390625 0.0576171875 0.1669921875
0 0.6181640625 0.10986328125 0.060546875 0.0751953125
0 0.2548828125 0.20703125 0.06640625 0.076171875
0 0.10498046875 0.66796875 0.1044921875 0.111328125
0 0.98046875 0.34033203125 0.037109375 0.0654296875
0 0.43505859375 0.8837890625 0.1044921875 0.09765625
0 0.80517578125 0.5390625 0.1123046875 0.134765625
0 0.8037109375 0.7431640625 0.181640625 0.078125
0 0.974609375 0.1865234375 0.048828125 0.0703125
0 0.3701171875 0.0458984375 0.09375 0.08984375
0 0.12158203125 0.97705078125 0.0732421875 0.0419921875
0 0.80615234375 0.2431640625 0.0693359375 0.052734375
0 0.56884765625 0.025390625 0.0595703125 0.05078125
0 0.04541015625 0.0419921875 0.0673828125 0.078125
0 0.3984375 0.98291015625 0.078125 0.0302734375
0 0.05615234375 0.26806640625 0.0986328125 0.0732421875
0 0.95361328125 0.27490234375 0.0908203125 0.1044921875
0 0.94091796875 0.125 0.1162109375 0.083984375
