0 0.34765625 0.0810546875 0.095703125 0.1015625
0 0.5576171875 0.46533203125 0.087890625 0.0869140625
0 0.95703125 0.5927734375 0.083984375 0.091796875
0 0.45947265625 0.869140625 0.0791015625 0.068359375
0 0.86572265625 0.83447265625 0.1865234375 0.0869140625
0 0.02099609375 0.45751953125 0.0419921875 0.0556640625
0 0.2998046875 0.36181640625 0.08984375 0.1357421875
0 0.0673828125 0.77392578125 0.134765625 0.0791015625
0 0.2216796875 0.51953125 0.10546875 0.0859375
0 0.12939453125 0.99072265625 0.0458984375 0.0166015625
0 0.0205078125 0.3798828125 0.041015625 0.1015625
0 0.62255859375 0.01025390625 0.0458984375 0.0205078125
0 0.60546875 0.96142578125 0.138671875 0.0751953125
0 0.94970703125 0.2099609375 0.1005859375 0.115234375
0 0.39794921875 0.97607421875 0.0791015625 0.0439453125
0 0.7802734375 0.974609375 0.091796875 0.048828125
0 0.716796875 0.98388671875 0.05078125 0.0302734375
0 0.34814453125 0.4599609375 0.0927734375 0.091796875
0 0.4990234375 0.7041015625 0.107421875 0.162109375
0 0.06640625 0.787109375 0.1328125 0.06640625
