0 0.552734375 0.17431640625 0.158203125 0.1552734375
0 0.205078125 0.29638671875 0.125 0.1572265625
0 0.59765625 0.6015625 0.1640625 0.099609375
0 0.9443359375 0.0322265625 0.109375 0.0625
0 0.123046875 0.92578125 0.11328125 0.146484375
0 0.65478515625 0.74072265625 0.1005859375 0.1787109375
0 0.751953125 0.85693359375 0.173828125 0.2294921875
0 0.91748046875 0.1376953125 0.1240234375 0.1015625
0 0.5283203125 0.8955078125 0.1171875 0.140625
0 0.9677734375 0.67041015625 0.0625 0.1455078125
0 0.30029296875 0.490234375 0.1787109375 0.111328125
0 0.07373046875 0.85498046875 0.1103515625 0.1396484375
0 0.17822265625 0.37646484375 0.1435546875 0.0947265625
0 0.51416015625 0.9716796875 0.1162109375 0.052734375
0 0.78857421875 0.51708984375 0.0908203125 0.1181640625
0 0.6630859375 0.03076171875 0.11328125 0.0595703125
0 0.25 0.892578125 0.123046875 0.181640625
0 0.84130859375 0.72021484375 0.1298828125 0.2041015625
0 0.81396484375 0.3876953125 0.0888671875 0.09375
0 0.25390625 0.09326171875 0.21484375 0.1044921875
