0 0.345703125 0.43212890625 0.111328125 0.0908203125
0 0.599609375 0.28955078125 0.1015625 0.0927734375
0 0.025390625 0.33056640625 0.05078125 0.0947265625
0 0.9853515625 0.6025390625 0.0234375 0.064453125
0 0.55712890625 0.15625 0.0966796875 0.099609375
0 0.96533203125 0.74169921875 0.0673828125 0.0966796875
0 0.96484375 0.9814453125 0.0703125 0.033203125
0 0.9296875 0.052734375 0.09375 0.087890625
0 0.7314453125 0.70751953125 0.126953125 0.1298828125
0 0.24169921875 0.751953125 0.1103515625 0.10546875
0 0.712890625 0.30029296875 0.12890625 0.1005859375
0 0.21142578125 0.3818359375 0.1005859375 0.140625
0 0.865234375 0.50390625 0.087890625 0.1640625
0 0.16162109375 0.55615234375 0.0849609375 0.1005859375
0 0.49169921875 0.36865234375 0.0615234375 0.0888671875
0 0.32275390625 0.9619140625 0.1298828125 0.0703125
0 0.330078125 0.8740234375 0.109375 0.11328125
0 0.49072265625 0.9775390625 0.0810546875 0.04296875
0 0.79443359375 0.1484375 0.0927734375 0.09375
0 0.2373046875 0.1796875 0.099609375 0.111328125
0 0.16943359375 0.86572265625 0.1044921875 0.0966796875
0 0.55908203125 0.05810546875 0.0634765625 0.0869140625
0 0.22802734375 0.28369140625 0.0771484375 0.0712890625
0 0.244140625 0.5068359375 0.087890625 0.095703125
0 0.033203125 0.92431640625 0.06640625 0.0849609375
0 0.29931640625 0.306640625 0.0908203125 0.08984375
