0 0.04296875 0.32080078125 0.0859375 0.0986328125
0 0.4462890625 0.376953125 0.140625 0.0859375
0 0.37255859375 0.19140625 0.1142578125 0.0859375
0 0.7802734375 0.1884765625 0.11328125 0.1484375
0 0.15478515625 0.39697265625 0.0986328125 0.0810546875
0 0.97705078125 0.27978515625 0.0439453125 0.0869140625
0 0.52197265625 0.45654296875 0.0947265625 0.0830078125
0 0.3515625 0.8095703125 0.119140625 0.138671875
0 0.9013671875 0.64208984375 0.076171875 0.1044921875
0 0.2646484375 0.3193359375 0.109375 0.126953125
0 0.24462890625 0.0185546875 0.0830078125 0.03515625
0 0.2255859375 0.26513671875 0.0625 0.0732421875
0 0.73828125 0.01220703125 0.060546875 0.0244140625
0 0.7666015625 0.658203125 0.111328125 0.119140625
0 0.67822265625 0.23876953125 0.0869140625 0.1044921875
0 0.4091796875 0.65869140625 0.125 0.1552734375
0 0.373046875 0.56201171875 0.154296875 0.1181640625
0 0.541015625 0.12841796875 0.091796875 0.1298828125
0 0.54150390625 0.3310546875 0.1455078125 0.12890625
0 0.615234375 0.826171875 0.12109375 0.123046875
0 0.03076171875 0.6044921875 0.0615234375 0.107421875
0 0.79248046875 0.93798828125 0.1259765625 0.0830078125
0 0.49609375 0.5927734375 0.08203125 0.10546875
0 0.95947265625 0.7998046875 0.0791015625 0.115234375
0 0.92919921875 0.95458984375 0.1142578125 0.0888671875
0 0.93408203125 0.1767578125 0.0791015625 0.078125
0 0.0888671875 0.4873046875 0.12109375 0.162109375
0 0.07763671875 0.634765625 0.0615234375 0.064453125
