0 0.01025390625 0.26513671875 0.0205078125 0.0869140625
0 0.8671875 0.55810546875 0.099609375 0.1083984375
0 0.70263671875 0.9541015625 0.0927734375 0.087890625
0 0.35595703125 0.7177734375 0.0771484375 0.087890625
0 0.89013671875 0.4521484375 0.0927734375 0.0859375
0 0.982421875 0.79150390625 0.033203125 0.1591796875
0 0.4013671875 0.16259765625 0.07421875 0.1357421875
0 0.25634765625 0.76123046875 0.0693359375 0.0732421875
0 0.79931640625 0.4638671875 0.0927734375 0.083984375
0 0.54150390625 0.494140625 0.0986328125 0.1484375
0 0.9267578125 0.033203125 0.06640625 0.064453125
0 0.400390625 0.32373046875 0.103515625 0.1044921875
0 0.78515625 0.01953125 0.10546875 0.0390625
0 0.01708984375 0.0341796875 0.0341796875 0.068359375
0 0.3779296875 0.95556640625 0.087890625 0.0869140625
0 0.7080078125 0.30322265625 0.1171875 0.0712890625
0 0.7421875 0.7646484375 0.091796875 0.083984375
0 0.8759765625 0.36962890625 0.1015625 0.1044921875
0 0.5078125 0.748046875 0.107421875 0.09375
0 0.484375 0.9345703125 0.103515625 0.12109375
0 0.78125 0.669921875 0.09765625 0.103515625
0 0.439453125 0.0615234375 0.1328125 0.091796875
0 0.54833984375 0.626953125 0.0888671875 0.076171875
0 0.60498046875 0.62109375 0.0849609375 0.0625
0 0.04443359375 0.58544921875 0.0888671875 0.1103515625
0 0.3349609375 0.2158203125 0.11328125 0.06640625
0 0.2763671875 0.93212890625 0.087890625 0.1318359375
0 0.1171875 0.7841796875 0.08984375 0.130859375
0 0.1181640625 0.537109375 0.134765625 0.09375
0 0.017578125 0.33544921875 0.03515625 0.0791015625
0 0.337890625 0.41259765625 0.08984375 0.0849609375
0 0.88916015625 0.640625 0.0966796875 0.099609375
