0 0.0615234375 0.451171875 0.123046875 0.15625
0 0.95849609375 0.529296875 0.0810546875 0.068359375
0 0.8203125 0.78515625 0.12109375 0.103515625
0 0.72607421875 0.521484375 0.1005859375 0.13671875
0 0.3447265625 0.41552734375 0.10546875 0.1083984375
0 0.80078125 0.1328125 0.1171875 0.1171875
0 0.3095703125 0.22509765625 0.166015625 0.1474609375
0 0.10009765625 0.96533203125 0.0986328125 0.0673828125
0 0.65771484375 0.81201171875 0.1064453125 0.1220703125
0 0.83544921875 0.4384765625 0.0791015625 0.09765625
0 0.56494140625 0.4794921875 0.1083984375 0.162109375
0 0.0244140625 0.60595703125 0.048828125 0.0927734375
0 0.61767578125 0.609375 0.1103515625 0.09765625
0 0.98974609375 0.486328125 0.0166015625 0.091796875
0 0.26171875 0.93994140625 0.13671875 0.0966796875
0 0.56982421875 0.9453125 0.0693359375 0.072265625
0 0.07373046875 0.2421875 0.1123046875 0.08984375
0 0.044921875 0.07373046875 0.08984375 0.0947265625
0 0.8486328125 0.5283203125 0.087890625 0.076171875
0 0.58935546875 0.73583984375 0.2197265625 0.0869140625
0 0.6513671875 0.50634765625 0.15234375 0.0986328125
0 0.7001953125 0.10009765625 0.087890625 0.1064453125
0 0.9287109375 0.0400390625 0.12109375 0.080078125
0 0.9091796875 0.86767578125 0.09765625 0.1650390625
0 0.7109375 0.193359375 0.123046875 0.142578125
0 0.958984375 0.7509765625 0.080078125 0.12109375
0 0.1826171875 0.1103515625 0.1015625 0.1484375
0 0.51318359375 0.5361328125 0.0947265625 0.142578125
0 0.423828125 0.8896484375 0.130859375 0.123046875
0 0.20556640625 0.0283203125 0.1865234375 0.056640625
0 0.0859375 0.88232421875 0.095703125 0.1416015625
