0 0.86767578125 0.98291015625 0.0615234375 0.0341796875
0 0.89599609375 0.5009765625 0.0810546875 0.103515625
0 0.27734375 0.68408203125 0.11328125 0.0712890625
0 0.53515625 0.44873046875 0.087890625 0.1181640625
0 0.197265625 0.7255859375 0.138671875 0.1953125
0 0.32958984375 0.02197265625 0.1845703125 0.0439453125
0 0.982421875 0.93408203125 0.033203125 0.0439453125
0 0.048828125 0.61767578125 0.091796875 0.0869140625
0 0.62548828125 0.04248046875 0.1142578125 0.0849609375
0 0.9384765625 0.021484375 0.1015625 0.04296875
0 0.6962890625 0.2314453125 0.09375 0.0703125
0 0.443359375 0.517578125 0.16796875 0.099609375
0 0.37109375 0.392578125 0.09765625 0.18359375
0 0.771484375 0.28271484375 0.0546875 0.1279296875
0 0.58154296875 0.65673828125 0.1298828125 0.0908203125
0 0.7998046875 0.150390625 0.119140625 0.0859375
0 0.75537109375 0.744140625 0.0693359375 0.0625
0 0.8837890625 0.2646484375 0.15234375 0.09375
0 0.2587890625 0.38134765625 0.08984375 0.0732421875
0 0.65478515625 0.9521484375 0.1630859375 0.09375
0 0.97216796875 0.634765625 0.0537109375 0.15625
0 0.46923828125 0.2275390625 0.1201171875 0.080078125
0 0.75634765625 0.80712890625 0.0888671875 0.1279296875
0 0.890625 0.8759765625 0.09375 0.07421875
0 0.91796875 0.16943359375 0.125 0.1201171875
0 0.19775390625 0.0869140625 0.1376953125 0.125
0 0.095703125 0.478515625 0.09375 0.08984375
0 0.18896484375 0.58935546875 0.0712890625 0.0888671875
0 0.21923828125 0.72265625 0.1044921875 0.14453125
0 0.1201171875 0.35791015625 0.107421875 0.0869140625
0 0.392578125 0.59619140625 0.10546875 0.0927734375
0 0.30859375 0.5166015625 0.099609375 0.099609375
0 0.69189453125 0.3017578125 0.1142578125 0.0859375
