0 0.86279296875 0.654296875 0.0810546875 0.072265625
0 0.578125 0.703125 0.056640625 0.083984375
0 0.94970703125 0.697265625 0.0986328125 0.064453125
0 0.380859375 0.767578125 0.072265625 0.078125
0 0.01318359375 0.9716796875 0.0263671875 0.052734375
0 0.2412109375 0.7919921875 0.083984375 0.078125
0 0.82763671875 0.921875 0.0791015625 0.1015625
0 0.375 0.3896484375 0.0859375 0.16796875
0 0.5908203125 0.03515625 0.107421875 0.068359375
0 0.71337890625 0.88330078125 0.0537109375 0.0751953125
0 0.46826171875 0.21142578125 0.1044921875 0.1220703125
0 0.64208984375 0.3056640625 0.0654296875 0.16796875
0 0.77294921875 0.1318359375 0.0595703125 0.09765625
0 0.20849609375 0.96533203125 0.1025390625 0.0693359375
0 0.8603515625 0.19921875 0.056640625 0.048828125
0 0.73095703125 0.16845703125 0.0908203125 0.1103515625
0 0.65234375 0.9697265625 0.134765625 0.05859375
0 0.57958984375 0.0341796875 0.1025390625 0.068359375
0 0.42724609375 0.9580078125 0.1279296875 0.083984375
0 0.41357421875 0.5966796875 0.0830078125 0.087890625
0 0.81884765625 0.23486328125 0.0771484375 0.0849609375
0 0.8701171875 0.953125 0.0859375 0.08984375
0 0.9384765625 0.18994140625 0.083984375 0.0771484375
0 0.3740234375 0.919921875 0.162109375 0.119140625
0 0.267578125 0.65087890625 0.138671875 0.1044921875
0 0.07275390625 0.20654296875 0.0869140625 0.1337890625
0 0.68896484375 0.08056640625 0.0830078125 0.0888671875
0 0.96533203125 0.78515625 0.0673828125 0.123046875
0 0.67431640625 0.77294921875 0.1650390625 0.0986328125
0 0.95654296875 0.48779296875 0.0849609375 0.1513671875
0 0.85595703125 0.07080078125 0.0966796875 0.1025390625
0 0.05224609375 0.74658203125 0.0693359375 0.0673828125
0 0.88427734375 0.85791015625 0.1357421875 0.1005859375
0 0.9345703125 0.05126953125 0.076171875 0.0908203125
0 0.9658203125 0.9345703125 0.06640625 0.12890625
