0 0.4716796875 0.95849609375 0.083984375 0.0830078125
0 0.28515625 0.3017578125 0.140625 0.091796875
0 0.341796875 0.08447265625 0.138671875 0.1669921875
0 0.4140625 0.2919921875 0.080078125 0.09765625
0 0.24462890625 0.76904296875 0.1005859375 0.0927734375
0 0.3505859375 0.16650390625 0.1640625 0.1279296875
0 0.88525390625 0.908203125 0.0830078125 0.109375
0 0.0458984375 0.302734375 0.091796875 0.08984375
0 0.03271484375 0.041015625 0.0654296875 0.08203125
0 0.0390625 0.6513671875 0.078125 0.06640625
0 0.037109375 0.4892578125 0.072265625 0.09765625
0 0.2880859375 0.5576171875 0.1015625 0.208984375
0 0.73388671875 0.400390625 0.1142578125 0.083984375
0 0.0146484375 0.8388671875 0.029296875 0.115234375
0 0.5224609375 0.41748046875 0.0703125 0.1181640625
0 0.154296875 0.37109375 0.158203125 0.109375
0 0.76904296875 0.26708984375 0.0927734375 0.0966796875
0 0.4326171875 0.83544921875 0.06640625 0.0693359375
0 0.02490234375 0.17236328125 0.0439453125 0.0908203125
0 0.12158203125 0.6826171875 0.1376953125 0.083984375
0 0.90185546875 0.20263671875 0.1396484375 0.0908203125
