0 0.91162109375 0.46875 0.0732421875 0.091796875
0 0.361328125 0.37060546875 0.076171875 0.1416015625
0 0.61962890625 0.14892578125 0.1044921875 0.0771484375
0 0.05224609375 0.6337890625 0.1044921875 0.1171875
0 0.623046875 0.078125 0.103515625 0.09375
0 0.7333984375 0.2041015625 0.12109375 0.11328125
0 0.51416015625 0.9755859375 0.0947265625 0.044921875
0 0.052734375 0.74267578125 0.10546875 0.0947265625
0 0.93505859375 0.3125 0.1259765625 0.1171875
0 0.79150390625 0.89306640625 0.1259765625 0.0927734375
0 0.58154296875 0.9482421875 0.0849609375 0.091796875
0 0.45556640625 0.666015625 0.0927734375 0.091796875
0 0.6767578125 0.875 0.091796875 0.095703125
0 0.7724609375 0.32568359375 0.09765625 0.1240234375
0 0.72900390625 0.67236328125 0.0771484375 0.0908203125
0 0.7412109375 0.3193359375 0.115234375 0.10546875
0 0.50830078125 0.38037109375 0.1357421875 0.1142578125
0 0.64404296875 0.55810546875 0.1357421875 0.0869140625
0 0.830078125 0.638671875 0.1171875 0.138671875
0 0.21630859375 0.4580078125 0.1240234375 0.11328125
0 0.02294921875 0.5869140625 0.0458984375 0.111328125
0 0.46435546875 0.146484375 0.1201171875 0.111328125
0 0.380859375 0.966796875 0.072265625 0.0625
0 0.0986328125 0.45361328125 0.107421875 0.1181640625
0 0.5595703125 0.42236328125 0.16015625 0.0888671875
0 0.744140625 0.9521484375 0.07421875 0.091796875
