0 0.83740234375 0.39697265625 0.1396484375 0.1416015625
0 0.34765625 0.732421875 0.109375 0.083984375
0 0.474609375 0.77392578125 0.13671875 0.0908203125
0 0.4794921875 0.8857421875 0.18359375 0.224609375
0 0.02392578125 0.5927734375 0.0439453125 0.09765625
0 0.455078125 0.65283203125 0.125 0.1474609375
0 0.96875 0.6025390625 0.060546875 0.140625
0 0.94140625 0.478515625 0.107421875 0.095703125
0 0.05810546875 0.1904296875 0.1162109375 0.15625
0 0.623046875 0.72802734375 0.125 0.1162109375
0 0.28369140625 0.8876953125 0.1689453125 0.095703125
0 0.6416015625 0.3828125 0.13671875 0.14453125
0 0.736328125 0.64453125 0.125 0.09375
0 0.74609375 0.7412109375 0.126953125 0.08203125
0 0.91015625 0.61083984375 0.083984375 0.1181640625
0 0.4375 0.46142578125 0.203125 0.1083984375
0 0.953125 0.0439453125 0.09375 0.087890625
0 0.26904296875 0.244140625 0.1494140625 0.08203125
