0 0.24609375 0.14697265625 0.119140625 0.1884765625
0 0.1513671875 0.80908203125 0.10546875 0.0947265625
0 0.662109375 0.01416015625 0.091796875 0.0283203125
0 0.01806640625 0.4345703125 0.0361328125 0.0859375
0 0.376953125 0.087890625 0.123046875 0.083984375
0 0.5673828125 0.66748046875 0.103515625 0.1025390625
0 0.7666015625 0.896484375 0.123046875 0.115234375
0 0.900390625 0.2421875 0.1171875 0.076171875
0 0.0712890625 0.21533203125 0.142578125 0.1162109375
0 0.34619140625 0.17822265625 0.0830078125 0.1220703125
0 0.88037109375 0.18017578125 0.0751953125 0.0693359375
0 0.1748046875 0.96484375 0.091796875 0.068359375
0 0.4326171875 0.4541015625 0.0703125 0.078125
0 0.77685546875 0.72265625 0.1103515625 0.091796875
0 0.611328125 0.18994140625 0.12890625 0.1982421875
0 0.88330078125 0.96630859375 0.1025390625 0.0634765625
0 0.9736328125 0.06201171875 0.05078125 0.1220703125
0 0.96630859375 0.23828125 0.0654296875 0.1015625
0 0.62939453125 0.92041015625 0.1474609375 0.1279296875
0 0.8466796875 0.3017578125 0.111328125 0.111328125
