0 0.63134765625 0.51171875 0.0908203125 0.078125
0 0.74658203125 0.85009765625 0.1025390625 0.1005859375
0 0.2421875 0.51806640625 0.115234375 0.1142578125
0 0.84130859375 0.603515625 0.1708984375 0.19140625
0 0.09912109375 0.1552734375 0.1591796875 0.091796875
0 0.71142578125 0.080078125 0.1162109375 0.12890625
0 0.02880859375 0.84033203125 0.0576171875 0.1884765625
0 0.29345703125 0.439453125 0.1025390625 0.24609375
0 0.50390625 0.3056640625 0.119140625 0.09765625
0 0.4150390625 0.67529296875 0.1015625 0.1259765625
0 0.244140625 0.70751953125 0.109375 0.0869140625
0 0.0888671875 0.59619140625 0.076171875 0.0771484375
0 0.7060546875 0.74462890625 0.0625 0.1103515625
0 0.0302734375 0.47900390625 0.060546875 0.0830078125
0 0.28857421875 0.02099609375 0.1005859375 0.0400390625
0 0.46533203125 0.22900390625 0.0869140625 0.0849609375
0 0.7158203125 0.62939453125 0.1171875 0.1611328125
0 0.3818359375 0.0283203125 0.080078125 0.0546875
0 0.64013671875 0.0751953125 0.0869140625 0.068359375
0 0.2099609375 0.58642578125 0.1640625 0.1201171875
0 0.32861328125 0.34765625 0.0810546875 0.1171875
0 0.12939453125 0.9326171875 0.0966796875 0.08984375
0 0.70556640625 0.5107421875 0.1162109375 0.146484375
0 0.9287109375 0.365234375 0.125 0.087890625
0 0.12890625 0.11962890625 0.142578125 0.0693359375
0 0.9580078125 0.12060546875 0.080078125 0.1025390625
0 0.1181640625 0.83251953125 0.140625 0.1201171875
0 0.27099609375 0.85009765625 0.1201171875 0.0849609375
0 0.19482421875 0.984375 0.1123046875 0.029296875
0 0.65478515625 0.65966796875 0.0869140625 0.0830078125
0 0.53759765625 0.82373046875 0.0830078125 0.1123046875
0 0.05078125 0.708984375 0.08984375 0.08203125
