0 0.32666015625 0.5546875 0.0654296875 0.0703125
0 0.8837890625 0.77783203125 0.083984375 0.1044921875
0 0.064453125 0.7509765625 0.08203125 0.078125
0 0.724609375 0.240234375 0.0859375 0.1953125
0 0.67529296875 0.107421875 0.1181640625 0.076171875
0 0.5029296875 0.08251953125 0.072265625 0.0634765625
0 0.92822265625 0.9443359375 0.0869140625 0.107421875
0 0.5771484375 0.6845703125 0.06640625 0.109375
0 0.74853515625 0.72802734375 0.1162109375 0.0966796875
0 0.28125 0.328125 0.13671875 0.095703125
0 0.89599609375 0.70703125 0.0615234375 0.0703125
0 0.02685546875 0.6572265625 0.0537109375 0.076171875
0 0.13232421875 0.29833984375 0.1240234375 0.1044921875
0 0.63720703125 0.97119140625 0.0810546875 0.0556640625
0 0.5966796875 0.2724609375 0.08203125 0.068359375
0 0.888671875 0.31298828125 0.0859375 0.1435546875
0 0.50244140625 0.7177734375 0.0732421875 0.064453125
0 0.54541015625 0.42333984375 0.1279296875 0.0791015625
0 0.16162109375 0.09814453125 0.0771484375 0.1279296875
0 0.37890625 0.85498046875 0.0859375 0.0966796875
0 0.0625 0.095703125 0.125 0.078125
0 0.8466796875 0.26904296875 0.07421875 0.1337890625
0 0.25244140625 0.52978515625 0.0732421875 0.0771484375
0 0.25341796875 0.43701171875 0.1064453125 0.0771484375
0 0.763671875 0.59521484375 0.111328125 0.0947265625
0 0.41162109375 0.28076171875 0.1005859375 0.1123046875
