0 0.72314453125 0.958984375 0.1181640625 0.078125
0 0.43310546875 0.029296875 0.1025390625 0.0546875
0 0.86083984375 0.3388671875 0.0712890625 0.09765625
0 0.59228515625 0.7431640625 0.1259765625 0.076171875
0 0.90576171875 0.6884765625 0.0830078125 0.09375
0 0.06982421875 0.4970703125 0.0791015625 0.095703125
0 0.2724609375 0.734375 0.181640625 0.16796875
0 0.68017578125 0.568359375 0.0927734375 0.12109375
0 0.62939453125 0.646484375 0.1669921875 0.103515625
0 0.58056640625 0.42529296875 0.1025390625 0.1064453125
0 0.5341796875 0.55859375 0.103515625 0.125
0 0.3955078125 0.09765625 0.12109375 0.11328125
0 0.91796875 0.52392578125 0.0859375 0.1123046875
0 0.15185546875 0.5986328125 0.0927734375 0.078125
0 0.12841796875 0.67431640625 0.1162109375 0.0986328125
0 0.943359375 0.14208984375 0.111328125 0.1162109375
0 0.88037109375 0.36474609375 0.1474609375 0.0576171875
0 0.86181640625 0.06005859375 0.0908203125 0.0888671875
0 0.4404296875 0.7255859375 0.068359375 0.080078125
0 0.83740234375 0.24609375 0.1689453125 0.109375
0 0.3466796875 0.61572265625 0.169921875 0.0947265625
0 0.32666015625 0.9638671875 0.1533203125 0.0703125
