0 0.8037109375 0.033203125 0.08984375 0.06640625
0 0.3623046875 0.0634765625 0.115234375 0.1171875
0 0.10302734375 0.32568359375 0.0810546875 0.1181640625
0 0.15234375 0.82763671875 0.068359375 0.0869140625
0 0.984375 0.3828125 0.03125 0.076171875
0 0.515625 0.71240234375 0.099609375 0.0888671875
0 0.09814453125 0.890625 0.0888671875 0.125
0 0.40966796875 0.6904296875 0.0732421875 0.095703125
0 0.6826171875 0.50927734375 0.06640625 0.1337890625
0 0.18212890625 0.1162109375 0.1025390625 0.08984375
0 0.50244140625 0.984375 0.1005859375 0.03125
0 0.943359375 0.31298828125 0.09765625 0.0888671875
0 0.630859375 0.38623046875 0.123046875 0.0947265625
0 0.85302734375 0.47119140625 0.0693359375 0.0615234375
0 0.18798828125 0.6435546875 0.0947265625 0.126953125
0 0.10986328125 0.4287109375 0.0849609375 0.078125
0 0.0390625 0.1533203125 0.078125 0.125
0 0.78466796875 0.2109375 0.1162109375 0.078125
0 0.84130859375 0.18505859375 0.0576171875 0.0908203125
0 0.72998046875 0.97216796875 0.0927734375 0.0537109375
0 0.2158203125 0.93994140625 0.09375 0.0693359375
0 0.5439453125 0.41064453125 0.111328125 0.1455078125
0 0.8037109375 0.119140625 0.091796875 0.087890625
0 0.70458984375 0.69287109375 0.0830078125 0.0810546875
0 0.95703125 0.7841796875 0.083984375 0.111328125
0 0.404296875 0.8701171875 0.078125 0.150390625
