0 0.69580078125 0.92041015625 0.1337890625 0.0634765625
0 0.69189453125 0.76171875 0.0927734375 0.078125
0 0.80810546875 0.3154296875 0.1064453125 0.158203125
0 0.12060546875 0.25830078125 0.2412109375 0.1572265625
0 0.2197265625 0.54443359375 0.0703125 0.1220703125
0 0.03955078125 0.11083984375 0.0791015625 0.1455078125
0 0.5361328125 0.7392578125 0.1328125 0.1328125
0 0.78955078125 0.0537109375 0.1279296875 0.107421875
0 0.28125 0.513671875 0.140625 0.107421875
0 0.8095703125 0.93017578125 0.115234375 0.1357421875
0 0.3056640625 0.70947265625 0.10546875 0.1533203125
0 0.423828125 0.61962890625 0.14453125 0.0751953125
0 0.37060546875 0.1904296875 0.2197265625 0.123046875
0 0.0791015625 0.77587890625 0.146484375 0.1611328125
0 0.26953125 0.25537109375 0.095703125 0.1259765625
0 0.0595703125 0.5244140625 0.080078125 0.1328125
0 0.05419921875 0.048828125 0.1083984375 0.095703125
0 0.7138671875 0.8447265625 0.306640625 0.171875
0 0.76318359375 0.10546875 0.1123046875 0.083984375
