0 0.193359375 0.1103515625 0.125 0.181640625
0 0.767578125 0.01904296875 0.091796875 0.0361328125
0 0.31787109375 0.93359375 0.1083984375 0.130859375
0 0.78076171875 0.96435546875 0.0947265625 0.0673828125
0 0.47900390625 0.45166015625 0.0810546875 0.1572265625
0 0.3876953125 0.31298828125 0.126953125 0.2099609375
0 0.30126953125 0.57421875 0.2138671875 0.130859375
0 0.5439453125 0.15380859375 0.279296875 0.1259765625
0 0.740234375 0.1240234375 0.28515625 0.248046875
0 0.2041015625 0.259765625 0.115234375 0.16015625
0 0.77734375 0.55615234375 0.197265625 0.1435546875
0 0.96044921875 0.47216796875 0.0771484375 0.1455078125
0 0.90771484375 0.27099609375 0.1474609375 0.1337890625
0 0.6455078125 0.873046875 0.16015625 0.109375
0 0.5166015625 0.64501953125 0.11328125 0.3017578125
0 0.5966796875 0.537109375 0.091796875 0.193359375
0 0.89794921875 0.90380859375 0.1630859375 0.1201171875
0 0.0966796875 0.66015625 0.103515625 0.123046875
0 0.529296875 0.0732421875 0.072265625 0.146484375
0 0.91259765625 0.80908203125 0.1728515625 0.1123046875
0 0.3525390625 0.89404296875 0.2265625 0.1650390625
0 0.02978515625 0.080078125 0.0595703125 0.1484375
0 0.3837890625 0.67578125 0.30078125 0.083984375
0 0.900390625 0.68701171875 0.14453125 0.2490234375
0 0.04541015625 0.130859375 0.0908203125 0.201171875
0 0.18115234375 0.07275390625 0.0810546875 0.1455078125
0 0.0166015625 0.47998046875 0.033203125 0.0771484375
