0 0.0546875 0.50537109375 0.109375 0.1611328125
0 0.0869140625 0.9599609375 0.125 0.076171875
0 0.07470703125 0.61767578125 0.1494140625 0.0673828125
0 0.5341796875 0.392578125 0.103515625 0.205078125
0 0.63134765625 0.68896484375 0.0830078125 0.1162109375
0 0.81591796875 0.5029296875 0.1337890625 0.091796875
0 0.54736328125 0.72119140625 0.1396484375 0.0771484375
0 0.94873046875 0.64453125 0.1005859375 0.115234375
0 0.36328125 0.224609375 0.134765625 0.115234375
0 0.06103515625 0.69482421875 0.0947265625 0.1708984375
0 0.90771484375 0.912109375 0.0615234375 0.08984375
0 0.71728515625 0.16064453125 0.0849609375 0.0849609375
0 0.34912109375 0.3525390625 0.0986328125 0.138671875
0 0.55224609375 0.52392578125 0.1279296875 0.0888671875
0 0.9375 0.08740234375 0.123046875 0.1103515625
0 0.9033203125 0.34033203125 0.08984375 0.1123046875
0 0.65869140625 0.060546875 0.0712890625 0.09375
0 0.6875 0.6171875 0.11328125 0.103515625
0 0.17529296875 0.3291015625 0.1279296875 0.109375
0 0.5703125 0.81396484375 0.087890625 0.1005859375
0 0.291015625 0.02294921875 0.06640625 0.0439453125
0 0.8935546875 0.19580078125 0.099609375 0.0869140625
0 0.50830078125 0.4931640625 0.1044921875 0.072265625
0 0.8369140625 0.107421875 0.1171875 0.091796875
0 0.19287109375 0.9306640625 0.1513671875 0.134765625
0 0.5859375 0.91357421875 0.08203125 0.1474609375
0 0.90478515625 0.49609375 0.0771484375 0.068359375
0 0.435546875 0.96240234375 0.0859375 0.0712890625
0 0.0751953125 0.048828125 0.0703125 0.095703125
0 0.5986328125 0.2958984375 0.099609375 0.111328125
0 0.04443359375 0.54833984375 0.0888671875 0.0888671875
